address,Card Name,Mission,Standard,Shadow,Stainless Steel,Gold,Dark Matter,Ownership,Staking Weight
mrcba.wam,Female Scientist,Two,,,,,26,,12090.00
mrcba.wam,Male Engineer,Two,,,,,25,,11625.00
mrcba.wam,3D Printing Robot,Two,,,,,24,,11160.00
mrcba.wam,Inflatable Sleeping Pod,Two,,,,,22,,10230.00
mrcba.wam,Solar Panel Array,One,,,,,188,,87420.00
mrcba.wam,Fission Reactor,One,,,,,57,,26505.00
mrcba.wam,Rover,One,,,,,56,,26040.00
mrcba.wam,Ice Mining Rig,One,,,,,52,,24180.00
mrcba.wam,ZFT League of Martians,Community Patch,,,,,,,0.00
mrcba.wam,Female Engineer,Two,,,,,21,,9765.00
mrcba.wam,Cargo Rocketship,One,,,,,51,,23715.00
mrcba.wam,Inflatable Greenhouse,Two,,,,,29,,13485.00
mrcba.wam,Male Scientist,Two,,,,,25,,11625.00
mrcba.wam,Crew Rocketship,Two,,,,,22,,10230.00
mrcba.wam,Scouting Drone,One,,,,,44,,20460.00
mrcba.wam,Inflatable Laboratory,Two,,,,,24,,11160.00
mrcba.wam,Fuel Plant,One,,,,,54,,25110.00
gqqv4.wam,Female Scientist,Two,3,1,2,,1,,542.50
gqqv4.wam,Inflatable Laboratory,Two,3,1,3,2,1,,864.50
gqqv4.wam,ZFT League of Martians,Community Patch,,,,,,,0.00
gqqv4.wam,Inflatable Sleeping Pod,Two,6,3,4,,,,161.50
gqqv4.wam,3D Printing Robot,Two,2,4,,1,,,172.00
gqqv4.wam,Crew Rocketship,Two,3,3,1,2,,,344.50
gqqv4.wam,Female Engineer,Two,3,4,4,,1,,630.00
gqqv4.wam,Male Scientist,Two,4,5,4,,,,172.50
gqqv4.wam,Inflatable Greenhouse,Two,1,4,2,,1,,560.00
gqqv4.wam,Male Engineer,Two,2,4,2,1,1,,705.00
1arqaprilzft,Fuel Plant Two,Two,,,,,,1,0.00
1arqaprilzft,Inflatable Greenhouse One,Two,,,,,,1,0.00
1arqaprilzft,ZFT League of Martians,Community Patch,,,,,,,0.00
sigmadejesus,Ice Mining Rig,One,,,,,6,,2790.00
sigmadejesus,Male Scientist,Two,,,1,,2,,964.00
sigmadejesus,Cargo Rocketship,One,,,,,13,,6045.00
sigmadejesus,Solar Panel Array,One,,,,,6,,2790.00
sigmadejesus,Fission Reactor,One,,,,,4,,1860.00
sigmadejesus,Female Engineer,Two,,,,,3,,1395.00
sigmadejesus,Male Engineer,Two,,,,,3,,1395.00
sigmadejesus,Crew Rocketship,Two,,,,,2,,930.00
sigmadejesus,Female Scientist,Two,,,,,2,,930.00
sigmadejesus,Inflatable Sleeping Pod,Two,,,,,2,,930.00
sigmadejesus,ZFT League of Martians,Community Patch,,,,,,,0.00
sigmadejesus,Fuel Plant,One,,,1,1,20,,9478.00
sigmadejesus,Inflatable Greenhouse,Two,,,,1,11,,5259.00
sigmadejesus,Rover,One,,,,,7,,3255.00
sigmadejesus,3D Printing Robot,Two,,,1,1,2,,1108.00
sigmadejesus,Scouting Drone,One,,,,,6,,2790.00
sigmadejesus,Inflatable Laboratory,Two,,,,,2,,930.00
vwiuu.wam,Cargo Rocketship,One,,,,,5,,2325.00
vwiuu.wam,Fuel Plant,One,,,,,3,,1395.00
vwiuu.wam,Crew Rocketship,Two,,,,,1,,465.00
vwiuu.wam,Female Scientist,Two,,1,,,1,,471.50
vwiuu.wam,Inflatable Laboratory,Two,,,,,1,,465.00
vwiuu.wam,ZFT League of Martians,Community Patch,,,,,,,0.00
vwiuu.wam,Fission Reactor,One,,,,,5,,2325.00
vwiuu.wam,Female Engineer,Two,,,,,1,,465.00
vwiuu.wam,Inflatable Sleeping Pod,Two,,,,,1,,465.00
vwiuu.wam,Ice Mining Rig,One,,,,,3,,1395.00
vwiuu.wam,Male Engineer,Two,,,,,1,,465.00
vwiuu.wam,Rover,One,,,,,5,,2325.00
vwiuu.wam,Scouting Drone,One,,,,,3,,1395.00
vwiuu.wam,3D Printing Robot,Two,,,,,1,,465.00
vwiuu.wam,Male Scientist,Two,,,,,1,,465.00
vwiuu.wam,Inflatable Greenhouse,Two,,,,,1,,465.00
vwiuu.wam,Solar Panel Array,One,,,,,4,,1860.00
u4teo.wam,Inflatable Sleeping Pod,Two,2,,1,,3,,1431.00
u4teo.wam,Female Engineer,Two,,1,1,,2,,970.50
u4teo.wam,Male Scientist,Two,,2,,,2,,943.00
u4teo.wam,3D Printing Robot,Two,,1,,,2,,936.50
u4teo.wam,Inflatable Laboratory,Two,,2,1,,2,,977.00
u4teo.wam,Crew Rocketship,Two,2,,1,,3,,1431.00
u4teo.wam,Male Engineer,Two,,,1,,3,,1429.00
u4teo.wam,Rover,One,,,,1,5,,2469.00
u4teo.wam,Scouting Drone,One,,,,2,5,,2613.00
u4teo.wam,Fission Reactor,One,,,,,4,,1860.00
u4teo.wam,Ice Mining Rig,One,,,,,4,,1860.00
u4teo.wam,Female Scientist,Two,3,,1,,3,,1432.00
u4teo.wam,Cargo Rocketship,One,,,1,7,12,,6622.00
u4teo.wam,Solar Panel Array,One,,,1,5,4,,2614.00
u4teo.wam,ZFT League of Martians,Community Patch,,,,,,,0.00
u4teo.wam,Fuel Plant,One,,1,,,14,,6516.50
u4teo.wam,Inflatable Greenhouse,Two,,1,,,3,,1401.50
zfthannahm12,Female Engineer,Two,,,1,,,,34.00
zfthannahm12,Inflatable Sleeping Pod,Two,,,1,1,,,178.00
zfthannahm12,Scouting Drone,One,,,,,2,,930.00
zfthannahm12,Female Scientist,Two,,,1,2,,,322.00
zfthannahm12,Inflatable Laboratory,Two,,,,1,,,144.00
zfthannahm12,Rover,One,,,,,1,,465.00
zfthannahm12,Inflatable Greenhouse,Two,,,2,2,1,,821.00
zfthannahm12,Fuel Plant,One,,,1,,1,,499.00
zfthannahm12,Ice Mining Rig,One,,,,,1,,465.00
zfthannahm12,Solar Panel Array,One,,,,,2,,930.00
zfthannahm12,Fission Reactor,One,,,1,,1,,499.00
zfthannahm12,Male Engineer,Two,,,,1,1,,609.00
zfthannahm12,ZFT League of Martians,Community Patch,,,,,,,0.00
zfthannahm12,Cargo Rocketship,One,,,,1,1,,609.00
zfthannahm12,3D Printing Robot,Two,,1,1,2,,,328.50
zfthannahm12,Crew Rocketship,Two,,,,1,1,,609.00
xx2fg.wam,Male Engineer,Two,,,,,1,,465.00
xx2fg.wam,Female Engineer,Two,,,,,1,,465.00
xx2fg.wam,Inflatable Laboratory,Two,,,,,1,,465.00
xx2fg.wam,ZFT League of Martians,Community Patch,,,,,,,0.00
xx2fg.wam,3D Printing Robot,Two,,,,,1,,465.00
xx2fg.wam,Female Scientist,Two,,,,,1,,465.00
xx2fg.wam,Inflatable Sleeping Pod,Two,,,,,1,,465.00
xx2fg.wam,Fuel Plant,One,,,,1,9,,4329.00
xx2fg.wam,Scouting Drone,One,,,,1,1,,609.00
xx2fg.wam,Ice Mining Rig,One,,,,1,1,,609.00
xx2fg.wam,Rover,One,,,,1,1,,609.00
xx2fg.wam,Fission Reactor,One,,,,1,1,,609.00
xx2fg.wam,Crew Rocketship,Two,,,,,1,,465.00
xx2fg.wam,Male Scientist,Two,,,,,1,,465.00
xx2fg.wam,Cargo Rocketship,One,,,1,1,17,,8083.00
xx2fg.wam,Solar Panel Array,One,,,,1,1,,609.00
xx2fg.wam,Inflatable Greenhouse,Two,,,,,1,,465.00
zftlomcolony,Solar Panel Array,One,,,1,,,,34.00
zftlomcolony,Fuel Plant,One,,,,1,,,144.00
zftlomcolony,Inflatable Greenhouse,Two,,,1,,,,34.00
zftlomcolony,ZFT League of Martians,Community Patch,,,,,,,0.00
mzleg.wam,Fission Reactor,One,,,,1,2,,1074.00
mzleg.wam,Rover,One,,,,,2,,930.00
mzleg.wam,Male Scientist,Two,,,1,1,1,,643.00
mzleg.wam,Scouting Drone,One,,,,,1,,465.00
mzleg.wam,Inflatable Greenhouse,Two,,,,2,,,288.00
mzleg.wam,Ice Mining Rig,One,,,,2,1,,753.00
mzleg.wam,Inflatable Sleeping Pod,Two,,,,1,,,144.00
mzleg.wam,Solar Panel Array,One,,,,,2,,930.00
mzleg.wam,Crew Rocketship,Two,,,,2,,,288.00
mzleg.wam,Inflatable Laboratory,Two,,,1,1,,,178.00
mzleg.wam,ZFT League of Martians,Community Patch,,,,,,,0.00
mzleg.wam,Cargo Rocketship,One,,,,1,1,,609.00
mzleg.wam,Female Engineer,Two,,,,3,,,432.00
mzleg.wam,3D Printing Robot,Two,,,1,1,1,,643.00
mzleg.wam,Fuel Plant,One,,,,1,2,,1074.00
mzleg.wam,Female Scientist,Two,,,,4,,,576.00
mzleg.wam,Male Engineer,Two,,,,2,,,288.00
zfthappiness,ZFT League of Martians,Community Patch,,,,,,,0.00
w1bfu.wam,Solar Panel Array Eleven,Two,,,,,,1,0.00
w1bfu.wam,ZFT League of Martians,Community Patch,,,,,,,0.00
oq3ew.wam,Ice Mining Rig,One,,,,,1,,465.00
oq3ew.wam,Cargo Rocketship,One,,,,2,5,,2613.00
oq3ew.wam,Male Scientist,Two,2,4,3,,1,,595.00
oq3ew.wam,Crew Rocketship,Two,2,3,,,1,,486.50
oq3ew.wam,Inflatable Greenhouse,Two,1,,3,,1,,568.00
oq3ew.wam,Fission Reactor,One,,,,,1,,465.00
oq3ew.wam,Solar Panel Array,One,,,1,,1,,499.00
oq3ew.wam,Male Engineer,Two,2,4,1,1,1,,671.00
oq3ew.wam,Female Scientist,Two,1,,1,,1,,500.00
oq3ew.wam,Inflatable Laboratory,Two,,,,1,1,,609.00
oq3ew.wam,Inflatable Sleeping Pod,Two,,1,1,,1,,505.50
oq3ew.wam,ZFT League of Martians,Community Patch,,,,,,,0.00
oq3ew.wam,Rover,One,,,,,1,,465.00
oq3ew.wam,3D Printing Robot,Two,4,1,3,3,1,,1009.50
oq3ew.wam,Female Engineer,Two,2,2,,1,1,,624.00
oq3ew.wam,Scouting Drone,One,,,,,1,,465.00
oq3ew.wam,Fuel Plant,One,,,,,1,,465.00
alexbartz314,Male Engineer,Two,,,,,1,,465.00
alexbartz314,ZFT League of Martians,Community Patch,,,,,,,0.00
alexbartz314,Fission Reactor,One,,,,,1,,465.00
alexbartz314,Ice Mining Rig,One,,,,,5,,2325.00
alexbartz314,Rover,One,,,,,2,,930.00
alexbartz314,Inflatable Laboratory,Two,,,,,1,,465.00
alexbartz314,Female Engineer,Two,,,,,1,,465.00
alexbartz314,Male Scientist,Two,,,,,1,,465.00
alexbartz314,Female Scientist,Two,,,,,1,,465.00
alexbartz314,Inflatable Sleeping Pod,Two,,,,,2,,930.00
alexbartz314,Crew Rocketship,Two,,,,,1,,465.00
alexbartz314,3D Printing Robot,Two,,,,,1,,465.00
alexbartz314,Inflatable Greenhouse,Two,,,,,1,,465.00
alexbartz314,Scouting Drone,One,,,,,1,,465.00
alexbartz314,Cargo Rocketship,One,,,,,5,,2325.00
alexbartz314,Fuel Plant,One,,,,,5,,2325.00
alexbartz314,Solar Panel Array,One,,,,,2,,930.00
c.rwc.wam,Fission Reactor,One,,1,,,,,6.50
c.rwc.wam,Scouting Drone,One,,1,,,2,,936.50
c.rwc.wam,Cargo Rocketship,One,,2,1,1,1,,656.00
c.rwc.wam,Fuel Plant,One,,,1,,2,,964.00
c.rwc.wam,Solar Panel Array,One,,,,,1,,465.00
c.rwc.wam,ZFT League of Martians,Community Patch,,,,,,,0.00
c.rwc.wam,Rover,One,,1,,1,,,150.50
patrick2zonn,Female Scientist,Two,,1,,,,,6.50
patrick2zonn,Inflatable Greenhouse,Two,,,,1,1,,609.00
patrick2zonn,Inflatable Sleeping Pod,Two,,,,1,,,144.00
patrick2zonn,ZFT League of Martians,Community Patch,,,,,,,0.00
patrick2zonn,Fuel Plant,One,,,1,,2,,964.00
patrick2zonn,Cargo Rocketship,One,,,1,2,1,,787.00
patrick2zonn,Solar Panel Array,One,,,,1,2,,1074.00
patrick2zonn,Scouting Drone,One,,,,,1,,465.00
archaprarqon,Male Engineer,Two,,,,,5,,2325.00
archaprarqon,Cargo Rocketship,One,,,,,5,,2325.00
archaprarqon,Inflatable Greenhouse,Two,,,5,6,47,,22889.00
archaprarqon,Female Engineer,Two,,,,,5,,2325.00
archaprarqon,Female Scientist,Two,,,,,5,,2325.00
archaprarqon,Inflatable Sleeping Pod,Two,,,,,5,,2325.00
archaprarqon,Ice Mining Rig,One,,,,,5,,2325.00
archaprarqon,Rover,One,,,,,5,,2325.00
archaprarqon,3D Printing Robot,Two,,,,,5,,2325.00
archaprarqon,Solar Panel Array,One,,,,,5,,2325.00
archaprarqon,Inflatable Laboratory,Two,,,,,5,,2325.00
archaprarqon,Crew Rocketship,Two,,,,,5,,2325.00
archaprarqon,Male Scientist,Two,,,,,5,,2325.00
archaprarqon,Fission Reactor,One,,,,,5,,2325.00
archaprarqon,ZFT League of Martians,Community Patch,,,,,,,0.00
archaprarqon,Fuel Plant,One,,,6,5,62,,29754.00
archaprarqon,Scouting Drone,One,,,,,5,,2325.00
arqonmanny12,ZFT League of Martians,Community Patch,,,,,,,0.00
arqondesign2,Inflatable Laboratory,Two,,,,,4,,1860.00
arqondesign2,ZFT League of Martians,Community Patch,,,,,,,0.00
arqondesign2,Cargo Rocketship,One,,,,,4,,1860.00
arqondesign2,Solar Panel Array,One,,,,,4,,1860.00
arqondesign2,3D Printing Robot,Two,,,,,4,,1860.00
arqondesign2,Male Scientist,Two,,,,,4,,1860.00
arqondesign2,Female Engineer,Two,,,,,3,,1395.00
arqondesign2,Male Engineer,Two,,,,,2,,930.00
arqondesign2,Fission Reactor,One,,,,,4,,1860.00
arqondesign2,Scouting Drone,One,,,,,4,,1860.00
arqondesign2,Fuel Plant,One,,,,,4,,1860.00
arqondesign2,Female Scientist,Two,,,,,4,,1860.00
arqondesign2,Inflatable Sleeping Pod,Two,,,,,4,,1860.00
arqondesign2,Rover,One,,,,,4,,1860.00
arqondesign2,Ice Mining Rig,One,,,,,4,,1860.00
arqondesign2,Crew Rocketship,Two,,,,,4,,1860.00
zftmboenigma,Inflatable Sleeping Pod,Two,,,,,1,,465.00
zftmboenigma,ZFT League of Martians,Community Patch,,,,,,,0.00
zftmboenigma,Crew Rocketship,Two,,,,,1,,465.00
zftmboenigma,Fuel Plant,One,,,,,10,,4650.00
zftmboenigma,Cargo Rocketship,One,,,,,7,,3255.00
zftmboenigma,Scouting Drone,One,,,,,3,,1395.00
zftmboenigma,Inflatable Greenhouse,Two,,,,,1,,465.00
pvnus.wam,Solar Panel Array,One,,,,,2,,930.00
pvnus.wam,Female Engineer,Two,,,,,1,,465.00
pvnus.wam,Inflatable Greenhouse,Two,,,,,1,,465.00
pvnus.wam,Female Scientist,Two,,,,,1,,465.00
pvnus.wam,Cargo Rocketship,One,,,,1,1,,609.00
pvnus.wam,Scouting Drone,One,,,,,1,,465.00
pvnus.wam,Male Scientist,Two,,,,,1,,465.00
pvnus.wam,Fission Reactor,One,,,,,1,,465.00
pvnus.wam,Fuel Plant,One,,,,,3,,1395.00
pvnus.wam,Inflatable Sleeping Pod,Two,,,,,1,,465.00
pvnus.wam,Rover,One,,,,,1,,465.00
pvnus.wam,Male Engineer,Two,,,,,1,,465.00
pvnus.wam,Inflatable Laboratory,Two,,,,,1,,465.00
pvnus.wam,ZFT League of Martians,Community Patch,,,,,,,0.00
pvnus.wam,3D Printing Robot,Two,,,,2,1,,753.00
pvnus.wam,Ice Mining Rig,One,,,,,1,,465.00
pvnus.wam,Crew Rocketship,Two,,,,,1,,465.00
bpdti.wam,Scouting Drone,One,,,,,2,,930.00
bpdti.wam,Fission Reactor,One,,,,,2,,930.00
bpdti.wam,Fuel Plant,One,,,,,2,,930.00
bpdti.wam,Rover,One,,,,,1,,465.00
bpdti.wam,Ice Mining Rig,One,,,,,1,,465.00
bpdti.wam,3D Printing Robot,Two,1,,,,,,1.00
bpdti.wam,Solar Panel Array,One,,,,,2,,930.00
bpdti.wam,Inflatable Greenhouse,Two,,,1,,2,,964.00
bpdti.wam,ZFT League of Martians,Community Patch,,,,,,,0.00
bpdti.wam,Cargo Rocketship,One,,,,,1,,465.00
5ppha.wam,Cargo Rocketship,One,,,,,1,,465.00
5ppha.wam,ZFT League of Martians,Community Patch,,,,,,,0.00
grveo.wam,Fuel Plant,One,,,,,2,,930.00
grveo.wam,Scouting Drone,One,,,,,1,,465.00
grveo.wam,Female Engineer,Two,,,,1,1,,609.00
grveo.wam,Female Scientist,Two,,,,1,,,144.00
grveo.wam,Solar Panel Array,One,,,,,1,,465.00
grveo.wam,Ice Mining Rig,One,,,,,1,,465.00
grveo.wam,Inflatable Greenhouse,Two,,,,1,,,144.00
grveo.wam,ZFT League of Martians,Community Patch,,,,,,,0.00
grveo.wam,Cargo Rocketship,One,,,,,1,,465.00
b12wk.wam,Fission Reactor,One,,,,,1,,465.00
b12wk.wam,Fuel Plant,One,,,,,1,,465.00
b12wk.wam,Male Engineer,Two,,,,,1,,465.00
b12wk.wam,Female Scientist,Two,,,,1,1,,609.00
b12wk.wam,Inflatable Laboratory,Two,,,,,1,,465.00
b12wk.wam,ZFT League of Martians,Community Patch,,,,,,,0.00
b12wk.wam,Rover,One,,,,,1,,465.00
b12wk.wam,Solar Panel Array,One,,,,,1,,465.00
b12wk.wam,Scouting Drone,One,,,,,1,,465.00
b12wk.wam,Ice Mining Rig,One,,,,,1,,465.00
b12wk.wam,Crew Rocketship,Two,,,,,1,,465.00
b12wk.wam,3D Printing Robot,Two,,,,,1,,465.00
b12wk.wam,Female Engineer,Two,,,,,1,,465.00
b12wk.wam,Inflatable Greenhouse,Two,,,,,1,,465.00
b12wk.wam,Inflatable Sleeping Pod,Two,,,,,1,,465.00
b12wk.wam,Cargo Rocketship,One,,,,,1,,465.00
b12wk.wam,Male Scientist,Two,,,,,1,,465.00
arielelelel1,Rover,One,3,1,,,2,,939.50
arielelelel1,Solar Panel Array,One,2,,,,1,,467.00
arielelelel1,Crew Rocketship,Two,,,,,1,,465.00
arielelelel1,3D Printing Robot,Two,1,,,,1,,466.00
arielelelel1,Male Scientist,Two,,,,,1,,465.00
arielelelel1,Inflatable Greenhouse,Two,,,,,1,,465.00
arielelelel1,Inflatable Sleeping Pod,Two,,,,,1,,465.00
arielelelel1,Female Scientist,Two,,,,,1,,465.00
arielelelel1,Scouting Drone,One,3,2,,1,1,,625.00
arielelelel1,Ice Mining Rig,One,1,,,,1,,466.00
arielelelel1,Inflatable Laboratory,Two,,,,,1,,465.00
arielelelel1,Cargo Rocketship,One,2,,1,,3,,1431.00
arielelelel1,Fission Reactor,One,2,,,,1,,467.00
arielelelel1,Fuel Plant,One,,1,,,1,,471.50
arielelelel1,Male Engineer,Two,,,,,1,,465.00
arielelelel1,Female Engineer,Two,,,,,1,,465.00
arielelelel1,ZFT League of Martians,Community Patch,,,,,,,0.00
arqonchino1o,Cargo Rocketship,One,,,,,1,,465.00
arqonchino1o,Male Scientist,Two,,,,,1,,465.00
arqonchino1o,ZFT League of Martians,Community Patch,,,,,,,0.00
arqonchino1o,Fuel Plant,One,,,,,1,,465.00
arqonchino1o,3D Printing Robot,Two,,,,,1,,465.00
arqonchino1o,Female Engineer,Two,,,,,1,,465.00
arqonchino1o,Inflatable Laboratory,Two,,,,,2,,930.00
arqonchino1o,Fission Reactor,One,,,,,1,,465.00
arqonchino1o,Solar Panel Array,One,,,,,1,,465.00
arqonchino1o,Scouting Drone,One,,,,,1,,465.00
arqonchino1o,Ice Mining Rig,One,,,,,1,,465.00
arqonchino1o,Inflatable Greenhouse,Two,,,,1,,,144.00
arqonchino1o,Rover,One,,,,,1,,465.00
nvlgw.wam,ZFT League of Martians,Community Patch,,,,,,,0.00
entvs.wam,Male Scientist,Two,3,,,,1,,468.00
entvs.wam,Ice Mining Rig,One,3,1,2,,1,,542.50
entvs.wam,Cargo Rocketship,One,,,2,,3,,1463.00
entvs.wam,Female Engineer,Two,2,,,,1,,467.00
entvs.wam,ZFT League of Martians,Community Patch,,,,,,,0.00
entvs.wam,Solar Panel Array,One,,4,1,,3,,1455.00
entvs.wam,Scouting Drone,One,3,1,,,1,,474.50
entvs.wam,Male Engineer,Two,,,1,,1,,499.00
entvs.wam,Female Scientist,Two,1,1,,,1,,472.50
entvs.wam,Inflatable Sleeping Pod,Two,,1,,,1,,471.50
entvs.wam,Crew Rocketship,Two,1,,,,1,,466.00
entvs.wam,Fission Reactor,One,4,1,,,1,,475.50
entvs.wam,Rover,One,1,2,1,,2,,978.00
entvs.wam,Fuel Plant,One,4,1,1,,3,,1439.50
entvs.wam,Inflatable Greenhouse,Two,2,1,,1,1,,617.50
entvs.wam,3D Printing Robot,Two,,1,,1,1,,615.50
entvs.wam,Inflatable Laboratory,Two,2,,,1,1,,611.00
u3ufu.wam,Solar Panel Array,One,,,,,1,,465.00
u3ufu.wam,Female Engineer,Two,,,,,1,,465.00
u3ufu.wam,Inflatable Sleeping Pod,Two,,,,,1,,465.00
u3ufu.wam,Ice Mining Rig,One,,,,1,1,,609.00
u3ufu.wam,Crew Rocketship,Two,,,,,1,,465.00
u3ufu.wam,ZFT League of Martians,Community Patch,,,,,,,0.00
u3ufu.wam,Cargo Rocketship,One,,,,,1,,465.00
u3ufu.wam,Fuel Plant,One,,,,,1,,465.00
u3ufu.wam,3D Printing Robot,Two,,,,,1,,465.00
u3ufu.wam,Male Scientist,Two,,,,,1,,465.00
u3ufu.wam,Female Scientist,Two,,,,,1,,465.00
u3ufu.wam,Rover,One,,,,,1,,465.00
u3ufu.wam,Fission Reactor,One,,,,,1,,465.00
u3ufu.wam,Scouting Drone,One,,,,,1,,465.00
u3ufu.wam,Male Engineer,Two,,,,,1,,465.00
u3ufu.wam,Inflatable Laboratory,Two,,,,,1,,465.00
u3ufu.wam,Inflatable Greenhouse,Two,,,,,1,,465.00
f1nfs.wam,Ice Mining Rig,One,,,,,31,,14415.00
f1nfs.wam,Rover,One,,,,,30,,13950.00
f1nfs.wam,Inflatable Laboratory,Two,,,,,20,,9300.00
f1nfs.wam,ZFT League of Martians,Community Patch,,,,,,,0.00
f1nfs.wam,Cargo Rocketship,One,,,,,30,,13950.00
f1nfs.wam,Scouting Drone,One,,,,,30,,13950.00
f1nfs.wam,Fuel Plant,One,,,,,30,,13950.00
f1nfs.wam,Male Scientist,Two,,,,,20,,9300.00
f1nfs.wam,Inflatable Greenhouse,Two,,,,,18,,8370.00
f1nfs.wam,Crew Rocketship,Two,,,,,18,,8370.00
f1nfs.wam,Fission Reactor,One,,,,,30,,13950.00
f1nfs.wam,Female Engineer,Two,,,,,20,,9300.00
f1nfs.wam,Inflatable Sleeping Pod,Two,,,,,20,,9300.00
f1nfs.wam,Solar Panel Array,One,,,,,30,,13950.00
f1nfs.wam,Female Scientist,Two,,,,,21,,9765.00
f1nfs.wam,Male Engineer,Two,,,,,20,,9300.00
f1nfs.wam,3D Printing Robot,Two,,,,,18,,8370.00
lzsvi.wam,Inflatable Greenhouse,Two,,,,,1,,465.00
lzsvi.wam,Rover,One,,,,,1,,465.00
lzsvi.wam,Cargo Rocketship,One,,,,,1,,465.00
lzsvi.wam,Solar Panel Array,One,,,,,1,,465.00
lzsvi.wam,3D Printing Robot,Two,,,,,1,,465.00
lzsvi.wam,Male Engineer,Two,,,,,1,,465.00
lzsvi.wam,Fuel Plant,One,,,,,1,,465.00
lzsvi.wam,Female Engineer,Two,,,,,1,,465.00
lzsvi.wam,Inflatable Laboratory,Two,,,,,1,,465.00
lzsvi.wam,Fission Reactor,One,,,,,1,,465.00
lzsvi.wam,Crew Rocketship,Two,,,,,1,,465.00
lzsvi.wam,Male Scientist,Two,,,,,1,,465.00
lzsvi.wam,Inflatable Sleeping Pod,Two,,,,,1,,465.00
lzsvi.wam,Scouting Drone,One,,,,,1,,465.00
lzsvi.wam,Ice Mining Rig,One,,,,,1,,465.00
lzsvi.wam,Female Scientist,Two,,,,,1,,465.00
lzsvi.wam,ZFT League of Martians,Community Patch,,,,,,,0.00
.u4fw.wam,ZFT League of Martians,Community Patch,,,,,,,0.00
wtkgw.wam,Cargo Rocketship,One,,,,,1,,465.00
wtkgw.wam,Solar Panel Array,One,,,,,1,,465.00
wtkgw.wam,Fuel Plant,One,,,,,1,,465.00
wtkgw.wam,ZFT League of Martians,Community Patch,,,,,,,0.00
1nbfc.wam,Rover,One,,,,,2,,930.00
1nbfc.wam,Inflatable Laboratory,Two,,,,,2,,930.00
1nbfc.wam,Female Engineer,Two,,,,,1,,465.00
1nbfc.wam,Inflatable Greenhouse,Two,,,,,1,,465.00
1nbfc.wam,ZFT League of Martians,Community Patch,,,,,,,0.00
1nbfc.wam,Scouting Drone,One,,,,,1,,465.00
.wmwy.wam,Ice Mining Rig,One,3,2,1,1,1,,659.00
.wmwy.wam,Male Engineer,Two,2,3,1,,,,55.50
.wmwy.wam,Crew Rocketship,Two,1,1,1,,,,41.50
.wmwy.wam,Fission Reactor,One,1,1,1,1,1,,650.50
.wmwy.wam,Male Scientist,Two,1,1,1,,,,41.50
.wmwy.wam,Inflatable Greenhouse,Two,1,1,1,,1,,506.50
.wmwy.wam,Inflatable Sleeping Pod,Two,1,1,1,1,,,185.50
.wmwy.wam,Solar Panel Array,One,8,2,1,1,1,,664.00
.wmwy.wam,Scouting Drone,One,5,1,1,1,1,,654.50
.wmwy.wam,Fuel Plant,One,4,1,1,1,1,,653.50
.wmwy.wam,3D Printing Robot,Two,1,2,1,,,,48.00
.wmwy.wam,ZFT League of Martians,Community Patch,,,,,,,0.00
.wmwy.wam,Female Scientist,Two,1,1,1,,,,41.50
.wmwy.wam,Female Engineer,Two,2,2,1,,1,,514.00
.wmwy.wam,Rover,One,2,2,1,1,1,,658.00
.wmwy.wam,Cargo Rocketship,One,2,1,1,1,1,,651.50
.wmwy.wam,Inflatable Laboratory,Two,1,1,1,,,,41.50
5a5us.wam,ZFT League of Martians,Community Patch,,,,,,,0.00
captawesome4,ZFT League of Martians,Community Patch,,,,,,,0.00
tz1ro.wam,Solar Panel Array,One,,,1,,1,,499.00
tz1ro.wam,Fission Reactor,One,,,2,,,,68.00
tz1ro.wam,Scouting Drone,One,2,,,,,,2.00
tz1ro.wam,Male Engineer,Two,,,,1,,,144.00
tz1ro.wam,Male Scientist,Two,,1,,,,,6.50
tz1ro.wam,ZFT League of Martians,Community Patch,,,,,,,0.00
tz1ro.wam,Rover,One,,,,1,,,144.00
bilfe.wam,Female Scientist,Two,,,,,1,,465.00
bilfe.wam,Inflatable Sleeping Pod,Two,,,,,1,,465.00
bilfe.wam,ZFT League of Martians,Community Patch,,,,,,,0.00
bilfe.wam,Rover,One,,,,,1,,465.00
bilfe.wam,Fission Reactor,One,,,,,1,,465.00
bilfe.wam,Solar Panel Array,One,,,,,1,,465.00
bilfe.wam,Female Engineer,Two,3,,,,,,3.00
bilfe.wam,Scouting Drone,One,,,,,2,,930.00
bilfe.wam,Cargo Rocketship,One,,,,,2,,930.00
bilfe.wam,Fuel Plant,One,,,,,1,,465.00
bilfe.wam,Male Engineer,Two,,,,,1,,465.00
bilfe.wam,Inflatable Greenhouse,Two,,,,,2,,930.00
1juww.wam,Rover,One,,,,,1,,465.00
1juww.wam,Cargo Rocketship,One,,,,,1,,465.00
1juww.wam,3D Printing Robot,Two,,,1,,,,34.00
1juww.wam,Inflatable Sleeping Pod,Two,,,,,1,,465.00
1juww.wam,ZFT League of Martians,Community Patch,,,,,,,0.00
1juww.wam,Fission Reactor,One,,,,,1,,465.00
1juww.wam,Solar Panel Array,One,,,,,1,,465.00
1juww.wam,Scouting Drone,One,,1,,,1,,471.50
1juww.wam,Ice Mining Rig,One,,,,,1,,465.00
1juww.wam,Fuel Plant,One,,,,,1,,465.00
1juww.wam,Crew Rocketship,Two,,,,,1,,465.00
1juww.wam,Female Engineer,Two,,,,,1,,465.00
1aguo.wam,Fission Reactor,One,,,,1,,,144.00
1aguo.wam,Cargo Rocketship,One,,,,,1,,465.00
1aguo.wam,Fuel Plant,One,,,,,1,,465.00
1aguo.wam,ZFT League of Martians,Community Patch,,,,,,,0.00
2igfc.wam,Inflatable Greenhouse,Two,,,,,2,,930.00
2igfc.wam,Cargo Rocketship,One,,,,,1,,465.00
2igfc.wam,ZFT League of Martians,Community Patch,,,,,,,0.00
2igfc.wam,Solar Panel Array,One,,,,,3,,1395.00
1n2bo.wam,ZFT League of Martians,Community Patch,,,,,,,0.00
1n2bo.wam,Rover,One,,,,,1,,465.00
1n2bo.wam,Cargo Rocketship,One,,,,,1,,465.00
1n2bo.wam,Ice Mining Rig,One,,,,,1,,465.00
1n2bo.wam,Male Engineer,Two,,,,,1,,465.00
1n2bo.wam,Female Engineer,Two,,,,,1,,465.00
1n2bo.wam,Inflatable Greenhouse,Two,,,,,1,,465.00
1n2bo.wam,Inflatable Sleeping Pod,Two,,,,,1,,465.00
1n2bo.wam,Fission Reactor,One,,,,,1,,465.00
1n2bo.wam,Scouting Drone,One,,,,,1,,465.00
1n2bo.wam,Crew Rocketship,Two,,,,,1,,465.00
1n2bo.wam,Female Scientist,Two,,,,,1,,465.00
1n2bo.wam,Solar Panel Array,One,,,,,1,,465.00
1n2bo.wam,Fuel Plant,One,,,,,1,,465.00
1n2bo.wam,3D Printing Robot,Two,,,,,1,,465.00
1n2bo.wam,Male Scientist,Two,,,,,1,,465.00
1n2bo.wam,Inflatable Laboratory,Two,,,,,1,,465.00
q2bus.wam,Inflatable Greenhouse,Two,,,,,2,,930.00
q2bus.wam,Inflatable Sleeping Pod,Two,,,,,1,,465.00
q2bus.wam,ZFT League of Martians,Community Patch,,,,,,,0.00
3k2gm.wam,Fission Reactor,One,1,1,1,1,3,,1580.50
3k2gm.wam,Female Scientist,Two,2,2,2,,1,,548.00
3k2gm.wam,Crew Rocketship,Two,1,2,1,,1,,513.00
3k2gm.wam,Male Engineer,Two,2,2,1,1,1,,658.00
3k2gm.wam,ZFT League of Martians,Community Patch,,,,,,,0.00
3k2gm.wam,Cargo Rocketship,One,1,1,1,1,2,,1115.50
3k2gm.wam,Male Scientist,Two,2,2,1,,1,,514.00
3k2gm.wam,Solar Panel Array,One,1,1,1,1,1,,650.50
3k2gm.wam,Inflatable Sleeping Pod,Two,1,2,1,1,1,,657.00
3k2gm.wam,3D Printing Robot,Two,5,2,3,1,1,,729.00
3k2gm.wam,Female Engineer,Two,4,2,3,1,1,,728.00
3k2gm.wam,Inflatable Laboratory,Two,1,3,2,1,1,,697.50
3k2gm.wam,Rover,One,1,1,2,1,2,,1149.50
3k2gm.wam,Scouting Drone,One,1,1,1,1,2,,1115.50
3k2gm.wam,Ice Mining Rig,One,1,1,1,1,2,,1115.50
3k2gm.wam,Fuel Plant,One,1,1,2,1,1,,684.50
3k2gm.wam,Inflatable Greenhouse,Two,2,3,1,1,1,,664.50
jfrw4.wam,ZFT League of Martians,Community Patch,,,,,,,0.00
jfrw4.wam,Fission Reactor,One,3,,,,,,3.00
jfrw4.wam,3D Printing Robot,Two,3,,,,,,3.00
jfrw4.wam,Fuel Plant,One,3,,,,,,3.00
jfrw4.wam,Male Engineer,Two,2,,,,,,2.00
jfrw4.wam,Scouting Drone,One,1,,,,,,1.00
jfrw4.wam,Inflatable Laboratory,Two,1,,,,,,1.00
jfrw4.wam,Male Scientist,Two,4,,,,,,4.00
jfrw4.wam,Solar Panel Array,One,2,,,,,,2.00
jfrw4.wam,Rover,One,1,,,,,,1.00
oovwy.wam,Crew Rocketship,Two,,,,1,,,144.00
oovwy.wam,Female Engineer,Two,,,,1,,,144.00
oovwy.wam,Inflatable Greenhouse,Two,,,,1,,,144.00
oovwy.wam,Inflatable Sleeping Pod,Two,,,,1,,,144.00
oovwy.wam,ZFT League of Martians,Community Patch,,,,,,,0.00
oovwy.wam,Fuel Plant,One,,,,1,,,144.00
oovwy.wam,Female Scientist,Two,,,,1,,,144.00
oovwy.wam,Inflatable Laboratory,Two,,,,1,,,144.00
oovwy.wam,Cargo Rocketship,One,,,,,1,,465.00
ceawq.wam,Cargo Rocketship,One,,,,,1,,465.00
ceawq.wam,Solar Panel Array,One,,,,,1,,465.00
ceawq.wam,Fuel Plant,One,,,,,1,,465.00
ceawq.wam,Inflatable Greenhouse,Two,,,,,1,,465.00
ceawq.wam,ZFT League of Martians,Community Patch,,,,,,,0.00
ptfcs.wam,Cargo Rocketship,One,,,,,1,,465.00
ptfcs.wam,Ice Mining Rig,One,,,,,1,,465.00
ptfcs.wam,Fuel Plant,One,,,,,1,,465.00
ptfcs.wam,Crew Rocketship,Two,,,,,1,,465.00
ptfcs.wam,Inflatable Greenhouse,Two,,,,,1,,465.00
ptfcs.wam,ZFT League of Martians,Community Patch,,,,,,,0.00
ptfcs.wam,Rover,One,,,,1,,,144.00
ptfcs.wam,Fission Reactor,One,,,,1,,,144.00
oyetmczftlom,Scouting Drone,One,,,,,5,,2325.00
oyetmczftlom,Male Engineer,Two,,,,,1,,465.00
oyetmczftlom,Female Engineer,Two,,,1,,1,,499.00
oyetmczftlom,Female Scientist,Two,,,,,1,,465.00
oyetmczftlom,Fission Reactor,One,,,,,5,,2325.00
oyetmczftlom,Cargo Rocketship,One,,,,,4,,1860.00
oyetmczftlom,Ice Mining Rig,One,,,,,4,,1860.00
oyetmczftlom,ZFT League of Martians,Community Patch,,,,,,,0.00
oyetmczftlom,3D Printing Robot,Two,,,,,1,,465.00
oyetmczftlom,Crew Rocketship,Two,,,,,1,,465.00
oyetmczftlom,Solar Panel Array,One,,,,,8,,3720.00
oyetmczftlom,Rover,One,,,,,6,,2790.00
oyetmczftlom,Fuel Plant,One,,,,,5,,2325.00
oyetmczftlom,Inflatable Greenhouse,Two,,,2,,1,,533.00
oyetmczftlom,Inflatable Sleeping Pod,Two,,,,,1,,465.00
oyetmczftlom,Inflatable Laboratory,Two,,,,,1,,465.00
oyetmczftlom,Male Scientist,Two,,,,,1,,465.00
basfc.wam,3D Printing Robot,Two,,,,,1,,465.00
basfc.wam,ZFT League of Martians,Community Patch,,,,,,,0.00
basfc.wam,Solar Panel Array,One,,,,,3,,1395.00
basfc.wam,Male Scientist,Two,,,,,1,,465.00
basfc.wam,Inflatable Sleeping Pod,Two,,,,,1,,465.00
basfc.wam,Rover,One,,,,,1,,465.00
basfc.wam,Crew Rocketship,Two,,,,,1,,465.00
basfc.wam,Male Engineer,Two,,,,,1,,465.00
basfc.wam,Female Engineer,Two,,,,,1,,465.00
basfc.wam,Fission Reactor,One,,,,,1,,465.00
basfc.wam,Cargo Rocketship,One,,,,,1,,465.00
basfc.wam,Scouting Drone,One,,,,,1,,465.00
basfc.wam,Ice Mining Rig,One,,,,,1,,465.00
basfc.wam,Fuel Plant,One,,,,,1,,465.00
basfc.wam,Female Scientist,Two,,,,,1,,465.00
basfc.wam,Inflatable Laboratory,Two,,,,,1,,465.00
basfc.wam,Inflatable Greenhouse,Two,,,,,1,,465.00
sp32jpzftlom,Solar Panel Array Thirty Two,Two,,,,,,1,0.00
sp32jpzftlom,ZFT League of Martians,Community Patch,,,,,,,0.00
csjtrading1o,Inflatable Greenhouse,Two,,,,1,1,,609.00
csjtrading1o,Fission Reactor,One,,,,,3,,1395.00
csjtrading1o,Solar Panel Array,One,,,,,3,,1395.00
csjtrading1o,Ice Mining Rig,One,,,,,3,,1395.00
csjtrading1o,Rover,One,,,,,3,,1395.00
csjtrading1o,Crew Rocketship,Two,,,,1,1,,609.00
csjtrading1o,Female Engineer,Two,,,,1,1,,609.00
csjtrading1o,Female Scientist,Two,,,,1,1,,609.00
csjtrading1o,Cargo Rocketship,One,,,,1,3,,1539.00
csjtrading1o,ZFT League of Martians,Community Patch,,,,,,,0.00
csjtrading1o,3D Printing Robot,Two,,,,1,1,,609.00
csjtrading1o,Male Engineer,Two,,,,1,1,,609.00
csjtrading1o,Inflatable Sleeping Pod,Two,,,,1,1,,609.00
csjtrading1o,Fuel Plant,One,,,,,5,,2325.00
csjtrading1o,Male Scientist,Two,,,,1,1,,609.00
csjtrading1o,Inflatable Laboratory,Two,,,,1,1,,609.00
csjtrading1o,Scouting Drone,One,,,,,3,,1395.00
53jww.wam,Fission Reactor,One,3,2,1,,,,50.00
53jww.wam,Female Scientist,Two,,,,1,,,144.00
53jww.wam,Inflatable Laboratory,Two,1,,1,,,,35.00
53jww.wam,ZFT League of Martians,Community Patch,,,,,,,0.00
53jww.wam,Male Engineer,Two,,,,,1,,465.00
53jww.wam,Inflatable Greenhouse,Two,1,1,1,,,,41.50
53jww.wam,Inflatable Sleeping Pod,Two,1,,1,,,,35.00
53jww.wam,Ice Mining Rig,One,9,2,1,,1,,521.00
53jww.wam,Solar Panel Array,One,5,3,1,,1,,523.50
53jww.wam,3D Printing Robot,Two,,,1,,,,34.00
53jww.wam,Female Engineer,Two,1,1,,,,,7.50
53jww.wam,Fuel Plant,One,8,1,1,1,1,,657.50
53jww.wam,Rover,One,5,1,1,,,,45.50
53jww.wam,Scouting Drone,One,2,1,4,1,,,288.50
53jww.wam,Cargo Rocketship,One,3,2,,,,,16.00
53jww.wam,Male Scientist,Two,1,,,,,,1.00
leahreyescm1,Inflatable Sleeping Pod,Two,3,1,,,1,,474.50
leahreyescm1,Male Scientist,Two,,,,,1,,465.00
leahreyescm1,Inflatable Laboratory,Two,1,,,,1,,466.00
leahreyescm1,Inflatable Greenhouse,Two,1,,,,1,,466.00
leahreyescm1,Solar Panel Array,One,,,,,1,,465.00
leahreyescm1,Female Engineer,Two,4,,,,1,,469.00
leahreyescm1,Fuel Plant,One,,,,,1,,465.00
leahreyescm1,3D Printing Robot,Two,2,1,,,1,,473.50
leahreyescm1,ZFT League of Martians,Community Patch,,,,,,,0.00
leahreyescm1,Fission Reactor,One,,,,,1,,465.00
leahreyescm1,Cargo Rocketship,One,,,,,1,,465.00
leahreyescm1,Ice Mining Rig,One,,,,,1,,465.00
leahreyescm1,Female Scientist,Two,3,,,,1,,468.00
leahreyescm1,Male Engineer,Two,,2,,,1,,478.00
leahreyescm1,Rover,One,,,,,1,,465.00
leahreyescm1,Scouting Drone,One,,,,,1,,465.00
leahreyescm1,Crew Rocketship,Two,3,,,,1,,468.00
iamskyrocket,Scouting Drone,One,,,,,10,,4650.00
iamskyrocket,Crew Rocketship,Two,,,,,2,,930.00
iamskyrocket,Female Scientist,Two,,,,,1,,465.00
iamskyrocket,Fission Reactor,One,,,,,1,,465.00
iamskyrocket,Ice Mining Rig,One,,,,,1,,465.00
iamskyrocket,Male Engineer,Two,,,,,1,,465.00
iamskyrocket,Female Engineer,Two,,,,,1,,465.00
iamskyrocket,Solar Panel Array,One,,,,,10,,4650.00
iamskyrocket,Fuel Plant,One,,,,,10,,4650.00
iamskyrocket,Male Scientist,Two,,,,,1,,465.00
iamskyrocket,Inflatable Laboratory,Two,,,,,1,,465.00
iamskyrocket,ZFT League of Martians,Community Patch,,,,,,,0.00
iamskyrocket,Rover,One,,,,,1,,465.00
iamskyrocket,3D Printing Robot,Two,,,,,1,,465.00
iamskyrocket,Cargo Rocketship,One,,,,,10,,4650.00
iamskyrocket,Inflatable Sleeping Pod,Two,,,,,1,,465.00
iamskyrocket,Inflatable Greenhouse,Two,,,,,10,,4650.00
dczew.wam,3D Printing Robot,Two,2,2,3,,,,117.00
dczew.wam,Rover,One,,,,,1,,465.00
dczew.wam,Solar Panel Array,One,,,,,1,,465.00
dczew.wam,Cargo Rocketship,One,,,,,1,,465.00
dczew.wam,ZFT League of Martians,Community Patch,,,,,,,0.00
dczew.wam,Fuel Plant,One,,,,,1,,465.00
dczew.wam,Scouting Drone,One,,,,,1,,465.00
dczew.wam,Female Engineer,Two,4,5,1,,,,70.50
dczew.wam,Male Engineer,Two,,5,1,,,,66.50
dczew.wam,Crew Rocketship,Two,3,4,4,,,,165.00
dczew.wam,Inflatable Laboratory,Two,4,2,1,,,,51.00
dczew.wam,Inflatable Sleeping Pod,Two,2,2,2,,,,83.00
dczew.wam,Male Scientist,Two,1,2,,,1,,479.00
dczew.wam,Female Scientist,Two,1,3,1,,,,54.50
dczew.wam,Inflatable Greenhouse,Two,3,2,3,,1,,583.00
gp1wy.wam,Crew Rocketship,Two,2,1,,,,,8.50
gp1wy.wam,Ice Mining Rig,One,1,,,,,,1.00
gp1wy.wam,3D Printing Robot,Two,1,,,,,,1.00
gp1wy.wam,ZFT League of Martians,Community Patch,,,,,,,0.00
gp1wy.wam,Female Scientist,Two,4,1,,,,,10.50
gp1wy.wam,Cargo Rocketship,One,3,2,,,1,,481.00
gp1wy.wam,Fuel Plant,One,3,,,,,,3.00
gp1wy.wam,Male Scientist,Two,3,,,,,,3.00
gp1wy.wam,Solar Panel Array,One,2,,,,,,2.00
gp1wy.wam,Inflatable Greenhouse,Two,,,1,,,,34.00
gp1wy.wam,Fission Reactor,One,4,,,,,,4.00
gp1wy.wam,Inflatable Laboratory,Two,2,1,,,,,8.50
gp1wy.wam,Male Engineer,Two,1,3,,,,,20.50
gp1wy.wam,Female Engineer,Two,1,3,,,,,20.50
gp1wy.wam,Inflatable Sleeping Pod,Two,3,,,,,,3.00
gp1wy.wam,Rover,One,1,,1,,,,35.00
gp1wy.wam,Scouting Drone,One,1,1,1,,,,41.50
nftpatataswx,Scouting Drone,One,4,,,,1,,469.00
nftpatataswx,Inflatable Greenhouse,Two,3,1,,,,,9.50
nftpatataswx,Rover,One,,2,,,,,13.00
nftpatataswx,3D Printing Robot,Two,2,,,,,,2.00
nftpatataswx,Female Scientist,Two,1,,,,,,1.00
nftpatataswx,Inflatable Laboratory,Two,,1,,,1,,471.50
nftpatataswx,Fission Reactor,One,5,2,,,,,18.00
nftpatataswx,Ice Mining Rig,One,3,3,,,,,22.50
nftpatataswx,Male Engineer,Two,2,1,,,,,8.50
nftpatataswx,ZFT League of Martians,Community Patch,,,,,,,0.00
nftpatataswx,Female Engineer,Two,,1,,,,,6.50
nftpatataswx,Cargo Rocketship,One,5,,,,1,,470.00
nftpatataswx,Male Scientist,Two,2,,,,,,2.00
nftpatataswx,Solar Panel Array,One,,1,,,1,,471.50
nftpatataswx,Fuel Plant,One,1,1,,,1,,472.50
nftpatataswx,Inflatable Sleeping Pod,Two,3,,,,,,3.00
nftpatataswx,Crew Rocketship,Two,1,2,,,,,14.00
.bsvy.wam,Male Engineer,Two,,,,,1,,465.00
.bsvy.wam,Solar Panel Array,One,,,,,1,,465.00
.bsvy.wam,Scouting Drone,One,,,,,1,,465.00
.bsvy.wam,Inflatable Laboratory,Two,,,,,1,,465.00
.bsvy.wam,Inflatable Sleeping Pod,Two,,,,,1,,465.00
.bsvy.wam,Rover,One,,,,,1,,465.00
.bsvy.wam,Cargo Rocketship,One,,,,,2,,930.00
.bsvy.wam,Crew Rocketship,Two,,,,,1,,465.00
.bsvy.wam,3D Printing Robot,Two,,,,,1,,465.00
.bsvy.wam,Female Engineer,Two,,,,,1,,465.00
.bsvy.wam,Fuel Plant,One,,,,,2,,930.00
.bsvy.wam,Male Scientist,Two,,,,,1,,465.00
.bsvy.wam,Fission Reactor,One,,,,,1,,465.00
.bsvy.wam,Inflatable Greenhouse,Two,,,,,2,,930.00
.bsvy.wam,Ice Mining Rig,One,,,,,2,,930.00
.bsvy.wam,Female Scientist,Two,,,,,1,,465.00
.bsvy.wam,ZFT League of Martians,Community Patch,,,,,,,0.00
daparagaszft,Female Engineer,Two,5,,,,1,,470.00
daparagaszft,Scouting Drone,One,,,,,3,,1395.00
daparagaszft,Inflatable Sleeping Pod,Two,3,1,,,1,,474.50
daparagaszft,Cargo Rocketship,One,,,,,3,,1395.00
daparagaszft,Male Scientist,Two,2,,,,1,,467.00
daparagaszft,Inflatable Greenhouse,Two,1,,,,2,,931.00
daparagaszft,Fission Reactor,One,,,,,1,,465.00
daparagaszft,Solar Panel Array,One,,,,,5,,2325.00
daparagaszft,Fuel Plant,One,,,,,2,,930.00
daparagaszft,3D Printing Robot,Two,2,1,,1,1,,617.50
daparagaszft,Crew Rocketship,Two,1,,,,1,,466.00
daparagaszft,ZFT League of Martians,Community Patch,,,,,,,0.00
daparagaszft,Male Engineer,Two,2,,,,1,,467.00
daparagaszft,Inflatable Laboratory,Two,2,,,,1,,467.00
daparagaszft,Female Scientist,Two,1,1,,,1,,472.50
daparagaszft,Ice Mining Rig,One,,,,,1,,465.00
daparagaszft,Rover,One,,,,,1,,465.00
ttngy.wam,Scouting Drone,One,,,,,7,,3255.00
ttngy.wam,Female Engineer,Two,,,,,1,,465.00
ttngy.wam,Male Scientist,Two,,,,,1,,465.00
ttngy.wam,Ice Mining Rig,One,,,,,3,,1395.00
ttngy.wam,Fission Reactor,One,,,,,2,,930.00
ttngy.wam,3D Printing Robot,Two,,,,,1,,465.00
ttngy.wam,Male Engineer,Two,,,,,1,,465.00
ttngy.wam,Solar Panel Array,One,,,,,3,,1395.00
ttngy.wam,Rover,One,,,,,2,,930.00
ttngy.wam,Female Scientist,Two,,,,,1,,465.00
ttngy.wam,Inflatable Laboratory,Two,,,,,1,,465.00
ttngy.wam,Inflatable Greenhouse,Two,,,,,1,,465.00
ttngy.wam,Fuel Plant,One,,,,,8,,3720.00
ttngy.wam,Cargo Rocketship,One,,,,,7,,3255.00
ttngy.wam,Inflatable Sleeping Pod,Two,,,,,1,,465.00
ttngy.wam,ZFT League of Martians,Community Patch,,,,,,,0.00
ttngy.wam,Crew Rocketship,Two,,,,,1,,465.00
l55ui.wam,Male Scientist,Two,4,,1,,,,38.00
l55ui.wam,Male Engineer,Two,4,,,,,,4.00
l55ui.wam,Inflatable Laboratory,Two,,2,,,,,13.00
l55ui.wam,Ice Mining Rig,One,,,,,1,,465.00
l55ui.wam,Cargo Rocketship,One,,,,,1,,465.00
l55ui.wam,ZFT League of Martians,Community Patch,,,,,,,0.00
l55ui.wam,Fission Reactor,One,,,,,1,,465.00
l55ui.wam,Solar Panel Array,One,,,,,1,,465.00
l55ui.wam,Female Engineer,Two,4,,1,,,,38.00
l55ui.wam,Fuel Plant,One,1,,,,1,,466.00
l55ui.wam,Inflatable Greenhouse,Two,1,,,,,,1.00
l55ui.wam,Rover,One,,,,,1,,465.00
l55ui.wam,Crew Rocketship,Two,2,,,1,,,146.00
l55ui.wam,Female Scientist,Two,1,,,,,,1.00
l55ui.wam,Scouting Drone,One,,,,,1,,465.00
yk5wq.wam,ZFT League of Martians,Community Patch,,,,,,,0.00
yk5wq.wam,Rover,One,,,,,1,,465.00
yk5wq.wam,Fission Reactor,One,,,,1,,,144.00
yk5wq.wam,Cargo Rocketship,One,,,,,1,,465.00
yk5wq.wam,Solar Panel Array,One,,,,,1,,465.00
yk5wq.wam,Fuel Plant,One,,,,,1,,465.00
yk5wq.wam,Male Scientist,Two,,,,,1,,465.00
yk5wq.wam,Inflatable Laboratory,Two,,,,,1,,465.00
kduui.wam,Crew Rocketship,Two,,,,,1,,465.00
kduui.wam,Fission Reactor,One,,,,,1,,465.00
kduui.wam,Ice Mining Rig,One,,,,,2,,930.00
kduui.wam,Female Engineer,Two,,,,,2,,930.00
kduui.wam,Female Scientist,Two,,,,,1,,465.00
kduui.wam,Inflatable Laboratory,Two,,,,,1,,465.00
kduui.wam,Inflatable Greenhouse,Two,,,,,1,,465.00
kduui.wam,Inflatable Sleeping Pod,Two,,,,,1,,465.00
kduui.wam,ZFT League of Martians,Community Patch,,,,,,,0.00
kduui.wam,Rover,One,,,,,1,,465.00
kduui.wam,Fuel Plant,One,,,,,4,,1860.00
kduui.wam,Scouting Drone,One,,,,,1,,465.00
kduui.wam,Cargo Rocketship,One,,,,,1,,465.00
1pwwq.wam,3D Printing Robot,Two,,2,,,,,13.00
1pwwq.wam,Male Engineer,Two,,2,,,,,13.00
1pwwq.wam,Inflatable Laboratory,Two,,2,,,1,,478.00
1pwwq.wam,Inflatable Greenhouse,Two,,2,,,,,13.00
1pwwq.wam,Crew Rocketship,Two,,3,,,,,19.50
1pwwq.wam,Ice Mining Rig,One,,2,2,,3,,1476.00
1pwwq.wam,Female Scientist,Two,,3,,,,,19.50
1pwwq.wam,Male Scientist,Two,,3,,,,,19.50
1pwwq.wam,Solar Panel Array,One,,3,1,,1,,518.50
1pwwq.wam,Female Engineer,Two,,3,,,,,19.50
1pwwq.wam,Inflatable Sleeping Pod,Two,,4,,,,,26.00
1pwwq.wam,Fuel Plant,One,,4,2,,2,,1024.00
1pwwq.wam,Fission Reactor,One,,3,3,2,1,,874.50
1pwwq.wam,Rover,One,,2,2,2,2,,1299.00
1pwwq.wam,ZFT League of Martians,Community Patch,,,,,,,0.00
1pwwq.wam,Scouting Drone,One,,7,,,2,,975.50
1pwwq.wam,Cargo Rocketship,One,,3,1,,2,,983.50
k1yfw.wam,Inflatable Laboratory,Two,,,,,2,,930.00
k1yfw.wam,Inflatable Sleeping Pod,Two,,,,,2,,930.00
k1yfw.wam,Cargo Rocketship,One,,,,,2,,930.00
k1yfw.wam,Scouting Drone,One,,,,,2,,930.00
k1yfw.wam,Male Scientist,Two,,,,,2,,930.00
k1yfw.wam,Fission Reactor,One,,,,,2,,930.00
k1yfw.wam,3D Printing Robot,Two,,,,,1,,465.00
k1yfw.wam,Rover,One,,,,,2,,930.00
k1yfw.wam,Female Scientist,Two,,,,,1,,465.00
k1yfw.wam,Inflatable Greenhouse,Two,,,,,1,,465.00
k1yfw.wam,Solar Panel Array,One,,,,,3,,1395.00
k1yfw.wam,Fuel Plant,One,,,,,2,,930.00
k1yfw.wam,Crew Rocketship,Two,,,,,2,,930.00
k1yfw.wam,Female Engineer,Two,,,,,1,,465.00
k1yfw.wam,Ice Mining Rig,One,,,,,2,,930.00
k1yfw.wam,Male Engineer,Two,,,,,2,,930.00
k1yfw.wam,ZFT League of Martians,Community Patch,,,,,,,0.00
alljasar1123,Ice Mining Rig,One,2,2,2,1,1,,692.00
alljasar1123,Fuel Plant,One,2,1,1,1,1,,651.50
alljasar1123,Crew Rocketship,Two,,,,,1,,465.00
alljasar1123,Male Engineer,Two,,,,1,1,,609.00
alljasar1123,Male Scientist,Two,,,,,1,,465.00
alljasar1123,Inflatable Greenhouse,Two,,,,,1,,465.00
alljasar1123,Solar Panel Array,One,4,1,1,,5,,2369.50
alljasar1123,Cargo Rocketship,One,1,3,1,1,1,,663.50
alljasar1123,Scouting Drone,One,3,2,1,1,1,,659.00
alljasar1123,ZFT League of Martians,Community Patch,,,,,,,0.00
alljasar1123,Rover,One,4,2,1,1,3,,1590.00
alljasar1123,Fission Reactor,One,1,3,1,2,1,,807.50
qabei.wam,3D Printing Robot,Two,4,4,,,1,,495.00
qabei.wam,Cargo Rocketship,One,3,,1,,1,,502.00
qabei.wam,Male Engineer,Two,1,1,,,1,,472.50
qabei.wam,Ice Mining Rig,One,1,,1,,1,,500.00
qabei.wam,Inflatable Sleeping Pod,Two,4,,,,1,,469.00
qabei.wam,Male Scientist,Two,3,,3,,1,,570.00
qabei.wam,Inflatable Greenhouse,Two,1,2,,,1,,479.00
qabei.wam,Fission Reactor,One,1,1,2,,1,,540.50
qabei.wam,ZFT League of Martians,Community Patch,,,,,,,0.00
qabei.wam,Female Scientist,Two,5,2,2,,1,,551.00
qabei.wam,Inflatable Laboratory,Two,2,2,1,,1,,514.00
qabei.wam,Crew Rocketship,Two,,1,1,,1,,505.50
qabei.wam,Rover,One,1,1,,,1,,472.50
qabei.wam,Scouting Drone,One,3,,,,1,,468.00
qabei.wam,Female Engineer,Two,3,2,2,,1,,549.00
qabei.wam,Solar Panel Array,One,1,1,,1,1,,616.50
qabei.wam,Fuel Plant,One,,,,,1,,465.00
cwtuu.wam,Female Engineer,Two,2,1,,,,,8.50
cwtuu.wam,3D Printing Robot,Two,1,,1,,,,35.00
cwtuu.wam,Ice Mining Rig,One,6,,,,1,,471.00
cwtuu.wam,Solar Panel Array,One,3,,,,1,,468.00
cwtuu.wam,Inflatable Sleeping Pod,Two,2,,,1,1,,611.00
cwtuu.wam,Female Scientist,Two,1,2,,1,,,158.00
cwtuu.wam,Male Scientist,Two,3,1,2,,,,77.50
cwtuu.wam,Male Engineer,Two,3,1,1,,,,43.50
cwtuu.wam,Fuel Plant,One,4,,,,1,,469.00
cwtuu.wam,Cargo Rocketship,One,3,2,,,1,,481.00
cwtuu.wam,Fission Reactor,One,7,,,,1,,472.00
cwtuu.wam,Rover,One,6,1,,1,2,,1086.50
cwtuu.wam,Inflatable Greenhouse,Two,,2,,,1,,478.00
cwtuu.wam,Inflatable Laboratory,Two,1,2,,1,1,,623.00
cwtuu.wam,ZFT League of Martians,Community Patch,,,,,,,0.00
cwtuu.wam,Scouting Drone,One,3,1,,,1,,474.50
cwtuu.wam,Crew Rocketship,Two,2,3,1,,1,,520.50
zy2wo.wam,Rover,One,,,,,1,,465.00
zy2wo.wam,Fission Reactor,One,,,,,1,,465.00
zy2wo.wam,Fuel Plant,One,,,,1,3,,1539.00
zy2wo.wam,Ice Mining Rig,One,,,,,1,,465.00
zy2wo.wam,Crew Rocketship,Two,,,,,1,,465.00
zy2wo.wam,Inflatable Laboratory,Two,,,,,1,,465.00
zy2wo.wam,Inflatable Greenhouse,Two,,,,1,1,,609.00
zy2wo.wam,Inflatable Sleeping Pod,Two,,,,,1,,465.00
zy2wo.wam,Cargo Rocketship,One,,,,1,2,,1074.00
zy2wo.wam,Solar Panel Array,One,,,,1,1,,609.00
zy2wo.wam,3D Printing Robot,Two,,,,,1,,465.00
zy2wo.wam,Female Engineer,Two,,,,,1,,465.00
zy2wo.wam,Male Scientist,Two,,,,,1,,465.00
zy2wo.wam,Scouting Drone,One,,,,,1,,465.00
zy2wo.wam,Female Scientist,Two,,,,,1,,465.00
zy2wo.wam,Male Engineer,Two,,,,,1,,465.00
zy2wo.wam,ZFT League of Martians,Community Patch,,,,,,,0.00
neszeusm1112,Ice Mining Rig,One,5,2,2,1,1,,695.00
neszeusm1112,Inflatable Greenhouse,Two,1,1,,,4,,1867.50
neszeusm1112,Inflatable Sleeping Pod,Two,1,2,,,1,,479.00
neszeusm1112,3D Printing Robot,Two,,1,,,1,,471.50
neszeusm1112,ZFT League of Martians,Community Patch,,,,,,,0.00
neszeusm1112,Fission Reactor,One,2,1,3,,1,,575.50
neszeusm1112,Rover,One,2,2,,,1,,480.00
neszeusm1112,Female Scientist,Two,2,,,,1,,467.00
neszeusm1112,Male Engineer,Two,,1,,,1,,471.50
neszeusm1112,Male Scientist,Two,1,1,,,1,,472.50
neszeusm1112,Cargo Rocketship,One,3,,1,1,24,,11341.00
neszeusm1112,Fuel Plant,One,1,,1,,12,,5615.00
neszeusm1112,Inflatable Laboratory,Two,3,,,,1,,468.00
neszeusm1112,Female Engineer,Two,1,,,1,1,,610.00
neszeusm1112,Solar Panel Array,One,4,4,2,,20,,9398.00
neszeusm1112,Scouting Drone,One,4,2,2,,6,,2875.00
neszeusm1112,Crew Rocketship,Two,4,,,,1,,469.00
tkuu2.wam,Rover,One,,,,1,,,144.00
tkuu2.wam,Cargo Rocketship,One,,,,,1,,465.00
tkuu2.wam,Solar Panel Array,One,,,,,1,,465.00
tkuu2.wam,Scouting Drone,One,,,,1,,,144.00
tkuu2.wam,Ice Mining Rig,One,,,,1,,,144.00
tkuu2.wam,ZFT League of Martians,Community Patch,,,,,,,0.00
dcorzrivera1,Fuel Plant,One,1,,2,,2,,999.00
dcorzrivera1,Rover,One,1,,,,1,,466.00
dcorzrivera1,Inflatable Greenhouse,Two,2,2,2,,1,,548.00
dcorzrivera1,Crew Rocketship,Two,1,6,2,2,1,,861.00
dcorzrivera1,Inflatable Laboratory,Two,2,5,1,,1,,533.50
dcorzrivera1,Female Engineer,Two,4,,1,,1,,503.00
dcorzrivera1,Cargo Rocketship,One,3,1,,,3,,1404.50
dcorzrivera1,Scouting Drone,One,2,,,,1,,467.00
dcorzrivera1,Female Scientist,Two,3,5,1,1,1,,678.50
dcorzrivera1,Inflatable Sleeping Pod,Two,2,2,1,1,1,,658.00
dcorzrivera1,Ice Mining Rig,One,1,1,,,1,,472.50
dcorzrivera1,ZFT League of Martians,Community Patch,,,,,,,0.00
dcorzrivera1,Male Engineer,Two,3,5,4,1,1,,780.50
dcorzrivera1,Male Scientist,Two,4,1,1,,1,,509.50
dcorzrivera1,Fission Reactor,One,4,,,,1,,469.00
dcorzrivera1,3D Printing Robot,Two,3,3,,1,1,,631.50
dcorzrivera1,Solar Panel Array,One,1,,1,1,1,,644.00
misfs.wam,Solar Panel Array,One,,1,,,1,,471.50
misfs.wam,Fuel Plant,One,,,1,,1,,499.00
misfs.wam,Crew Rocketship,Two,,,,1,,,144.00
misfs.wam,Female Engineer,Two,,,,,1,,465.00
misfs.wam,Cargo Rocketship,One,,,1,,1,,499.00
misfs.wam,Rover,One,,1,3,,1,,573.50
misfs.wam,Fission Reactor,One,1,2,,,2,,944.00
misfs.wam,ZFT League of Martians,Community Patch,,,,,,,0.00
misfs.wam,Ice Mining Rig,One,,2,,,1,,478.00
misfs.wam,Scouting Drone,One,,,1,,1,,499.00
dp4wy.wam,Scouting Drone,One,3,1,,1,1,,618.50
dp4wy.wam,Cargo Rocketship,One,3,2,1,1,1,,659.00
dp4wy.wam,Inflatable Laboratory,Two,,,,1,,,144.00
dp4wy.wam,Inflatable Greenhouse,Two,,,,,1,,465.00
dp4wy.wam,Ice Mining Rig,One,3,2,2,,1,,549.00
dp4wy.wam,ZFT League of Martians,Community Patch,,,,,,,0.00
dp4wy.wam,Fuel Plant,One,4,2,2,1,1,,694.00
dp4wy.wam,Solar Panel Array,One,,4,,1,1,,635.00
dp4wy.wam,Fission Reactor,One,4,2,1,,1,,516.00
dp4wy.wam,Rover,One,3,1,,,1,,474.50
4zifs.wam,Inflatable Laboratory,Two,1,,3,1,1,,712.00
4zifs.wam,Crew Rocketship,Two,,,3,2,,,390.00
4zifs.wam,Male Engineer,Two,,2,,1,1,,622.00
4zifs.wam,Inflatable Greenhouse,Two,1,,2,,,,69.00
4zifs.wam,Inflatable Sleeping Pod,Two,,,3,,,,102.00
4zifs.wam,Male Scientist,Two,3,,1,,,,37.00
4zifs.wam,Female Scientist,Two,1,3,2,,,,88.50
4zifs.wam,3D Printing Robot,Two,,3,1,,,,53.50
4zifs.wam,Female Engineer,Two,,,,1,,,144.00
4zifs.wam,ZFT League of Martians,Community Patch,,,,,,,0.00
4zifs.wam,Cargo Rocketship,One,,,,,1,,465.00
4zifs.wam,Solar Panel Array,One,,,,,1,,465.00
4zifs.wam,Fuel Plant,One,,,,,1,,465.00
fo3w4.wam,Solar Panel Array Fifteen,Two,,,,,,1,0.00
fo3w4.wam,ZFT League of Martians,Community Patch,,,,,,,0.00
1.bei.wam,Cargo Rocketship,One,,,,1,,,144.00
1.bei.wam,ZFT League of Martians,Community Patch,,,,,,,0.00
qr3wu.wam,Ice Mining Rig,One,,,,,1,,465.00
qr3wu.wam,Fuel Plant,One,,,,,1,,465.00
qr3wu.wam,ZFT League of Martians,Community Patch,,,,,,,0.00
qr3wu.wam,Rover,One,,,,,1,,465.00
qr3wu.wam,Fission Reactor,One,,,,,1,,465.00
qr3wu.wam,Cargo Rocketship,One,,,,,1,,465.00
qr3wu.wam,Solar Panel Array,One,,1,,,1,,471.50
qr3wu.wam,Scouting Drone,One,,,,,1,,465.00
omavw.wam,Fuel Plant,One,,,,,1,,465.00
omavw.wam,Female Engineer,Two,,,,,1,,465.00
omavw.wam,Inflatable Greenhouse,Two,,,,,1,,465.00
omavw.wam,ZFT League of Martians,Community Patch,,,,,,,0.00
omavw.wam,Scouting Drone,One,,,,,1,,465.00
vkefm.wam,Male Engineer,Two,,,,,1,,465.00
vkefm.wam,Female Engineer,Two,,,,,1,,465.00
vkefm.wam,Female Scientist,Two,,,,,1,,465.00
vkefm.wam,Inflatable Greenhouse,Two,,,1,,,,34.00
vkefm.wam,Inflatable Sleeping Pod,Two,,,,,1,,465.00
vkefm.wam,ZFT League of Martians,Community Patch,,,,,,,0.00
vkefm.wam,Cargo Rocketship,One,,,,,1,,465.00
vkefm.wam,Scouting Drone,One,,,,,1,,465.00
5nyug.wam,Fuel Plant,One,,,,,14,,6510.00
5nyug.wam,3D Printing Robot,Two,,,,,7,,3255.00
5nyug.wam,Female Scientist,Two,,,,,3,,1395.00
5nyug.wam,Rover,One,,,,,9,,4185.00
5nyug.wam,Male Engineer,Two,,,,,6,,2790.00
5nyug.wam,Solar Panel Array,One,,,,,5,,2325.00
5nyug.wam,Inflatable Sleeping Pod,Two,,,,,3,,1395.00
5nyug.wam,Crew Rocketship,Two,,,,,3,,1395.00
5nyug.wam,Inflatable Laboratory,Two,,,,,3,,1395.00
5nyug.wam,Cargo Rocketship,One,,,,,15,,6975.00
5nyug.wam,ZFT League of Martians,Community Patch,,,,,,,0.00
5nyug.wam,Ice Mining Rig,One,,,,,13,,6045.00
5nyug.wam,Scouting Drone,One,,,,,9,,4185.00
5nyug.wam,Fission Reactor,One,,,,,8,,3720.00
5nyug.wam,Female Engineer,Two,,,,,4,,1860.00
5nyug.wam,Male Scientist,Two,,,,,4,,1860.00
5nyug.wam,Inflatable Greenhouse,Two,,,,,3,,1395.00
yntfq.wam,Fission Reactor,One,,,,,1,,465.00
yntfq.wam,Solar Panel Array,One,,,,,1,,465.00
yntfq.wam,Inflatable Greenhouse,Two,,,,,1,,465.00
yntfq.wam,ZFT League of Martians,Community Patch,,,,,,,0.00
p.pv.wam,Scouting Drone,One,,,,,1,,465.00
p.pv.wam,Ice Mining Rig,One,,,,,1,,465.00
p.pv.wam,Fuel Plant,One,,,,,1,,465.00
p.pv.wam,ZFT League of Martians,Community Patch,,,,,,,0.00
p.pv.wam,Rover,One,,,,,1,,465.00
p.pv.wam,Fission Reactor,One,,,,,1,,465.00
p.pv.wam,Cargo Rocketship,One,,,,,1,,465.00
p.pv.wam,Solar Panel Array,One,,,,,1,,465.00
p.pv.wam,Inflatable Greenhouse,Two,,,,,1,,465.00
nemew.wam,3D Printing Robot,Two,4,2,,,1,,482.00
nemew.wam,Rover,One,,,,,1,,465.00
nemew.wam,Scouting Drone,One,,,,,1,,465.00
nemew.wam,Female Engineer,Two,5,3,,,2,,954.50
nemew.wam,Inflatable Laboratory,Two,1,4,3,,1,,594.00
nemew.wam,Male Scientist,Two,1,2,3,,1,,581.00
nemew.wam,Male Engineer,Two,1,,,,2,,931.00
nemew.wam,ZFT League of Martians,Community Patch,,,,,,,0.00
nemew.wam,Solar Panel Array,One,,,,,1,,465.00
nemew.wam,Inflatable Greenhouse,Two,4,,,,1,,469.00
nemew.wam,Ice Mining Rig,One,,,,,1,,465.00
nemew.wam,Fuel Plant,One,,,,,5,,2325.00
nemew.wam,Crew Rocketship,Two,4,3,3,1,1,,734.50
nemew.wam,Inflatable Sleeping Pod,Two,3,3,3,1,1,,733.50
nemew.wam,Fission Reactor,One,,,,,1,,465.00
nemew.wam,Cargo Rocketship,One,,,,,1,,465.00
nemew.wam,Female Scientist,Two,1,4,3,,1,,594.00
1yquw.wam,Solar Panel Array,One,2,13,1,,1,,585.50
1yquw.wam,Ice Mining Rig,One,1,4,1,,,,61.00
1yquw.wam,Cargo Rocketship,One,2,2,2,1,,,227.00
1yquw.wam,ZFT League of Martians,Community Patch,,,,,,,0.00
1yquw.wam,Male Engineer,Two,,,,1,,,144.00
1yquw.wam,Scouting Drone,One,5,14,2,1,1,,773.00
1yquw.wam,Rover,One,3,9,3,1,,,307.50
1yquw.wam,Fuel Plant,One,5,3,4,1,1,,769.50
1yquw.wam,Fission Reactor,One,3,3,3,1,,,268.50
yagw2.wam,Fuel Plant,One,2,,,2,,,290.00
yagw2.wam,Inflatable Sleeping Pod,Two,,,1,,,,34.00
yagw2.wam,ZFT League of Martians,Community Patch,,,,,,,0.00
yagw2.wam,Ice Mining Rig,One,,,,1,1,,609.00
yagw2.wam,Fission Reactor,One,4,2,2,,,,85.00
yagw2.wam,Scouting Drone,One,4,3,2,1,,,235.50
yagw2.wam,Cargo Rocketship,One,2,3,1,,,,55.50
yagw2.wam,Female Scientist,Two,,,1,,,,34.00
yagw2.wam,Female Engineer,Two,2,,1,,,,36.00
yagw2.wam,Rover,One,1,,,1,1,,610.00
yagw2.wam,Male Scientist,Two,,,1,,,,34.00
yagw2.wam,Inflatable Greenhouse,Two,,,1,,,,34.00
yagw2.wam,Crew Rocketship,Two,,,1,,,,34.00
yagw2.wam,3D Printing Robot,Two,,,1,,,,34.00
yagw2.wam,Solar Panel Array,One,,3,1,,1,,518.50
yagw2.wam,Male Engineer,Two,2,,1,,,,36.00
yagw2.wam,Inflatable Laboratory,Two,1,,1,,,,35.00
tb5uy.wam,Male Scientist,Two,1,2,2,,,,82.00
tb5uy.wam,Crew Rocketship,Two,,1,,,,,6.50
tb5uy.wam,Cargo Rocketship,One,2,1,,,3,,1403.50
tb5uy.wam,Male Engineer,Two,,,2,,,,68.00
tb5uy.wam,Solar Panel Array,One,2,1,,,1,,473.50
tb5uy.wam,Rover,One,,1,,,,,6.50
tb5uy.wam,Fuel Plant,One,1,,,,1,,466.00
tb5uy.wam,Fission Reactor,One,3,1,,,,,9.50
tb5uy.wam,Female Engineer,Two,,,1,,,,34.00
tb5uy.wam,Female Scientist,Two,3,1,,1,,,153.50
tb5uy.wam,Ice Mining Rig,One,3,,,,1,,468.00
tb5uy.wam,Scouting Drone,One,2,,,,1,,467.00
tb5uy.wam,ZFT League of Martians,Community Patch,,,,,,,0.00
tb5uy.wam,Inflatable Laboratory,Two,3,,,1,,,147.00
lzfug.wam,Rover,One,,,,,1,,465.00
lzfug.wam,3D Printing Robot,Two,,,,,1,,465.00
lzfug.wam,ZFT League of Martians,Community Patch,,,,,,,0.00
lzfug.wam,Inflatable Laboratory,Two,,,,,1,,465.00
lzfug.wam,Inflatable Greenhouse,Two,,,,,1,,465.00
lzfug.wam,Fission Reactor,One,,,,,1,,465.00
lzfug.wam,Solar Panel Array,One,,,,,1,,465.00
lzfug.wam,Ice Mining Rig,One,,,,,1,,465.00
lzfug.wam,Female Engineer,Two,,,,,1,,465.00
lzfug.wam,Female Scientist,Two,,,,,1,,465.00
lzfug.wam,Cargo Rocketship,One,,,,,1,,465.00
lzfug.wam,Scouting Drone,One,,,,,1,,465.00
lzfug.wam,Fuel Plant,One,,,,,1,,465.00
lzfug.wam,Crew Rocketship,Two,,,,,1,,465.00
qdyv.wam,Male Scientist,Two,,,,1,,,144.00
qdyv.wam,Inflatable Sleeping Pod,Two,,,1,,1,,499.00
qdyv.wam,ZFT League of Martians,Community Patch,,,,,,,0.00
qdyv.wam,Rover,One,,,,,1,,465.00
qdyv.wam,Fission Reactor,One,,,,,1,,465.00
qdyv.wam,Fuel Plant,One,,,,,2,,930.00
qdyv.wam,Cargo Rocketship,One,,,,,1,,465.00
qdyv.wam,Scouting Drone,One,,,1,,1,,499.00
qdyv.wam,Female Engineer,Two,1,,,,1,,466.00
qdyv.wam,Female Scientist,Two,,1,,,,,6.50
qdyv.wam,Inflatable Greenhouse,Two,,,1,,,,34.00
fllrg.wam,Inflatable Sleeping Pod,Two,5,1,2,,,,79.50
fllrg.wam,Rover,One,,2,1,,1,,512.00
fllrg.wam,3D Printing Robot,Two,2,1,,,,,8.50
fllrg.wam,ZFT League of Martians,Community Patch,,,,,,,0.00
fllrg.wam,Male Engineer,Two,3,1,,,,,9.50
fllrg.wam,Fuel Plant,One,2,1,1,,,,42.50
fllrg.wam,Crew Rocketship,Two,2,1,1,,,,42.50
fllrg.wam,Male Scientist,Two,2,2,2,,,,83.00
fllrg.wam,Ice Mining Rig,One,1,,,,1,,466.00
fllrg.wam,Female Engineer,Two,1,1,,,,,7.50
fllrg.wam,Inflatable Greenhouse,Two,2,3,1,,,,55.50
fllrg.wam,Cargo Rocketship,One,1,1,,,1,,472.50
fllrg.wam,Female Scientist,Two,2,3,1,,,,55.50
fllrg.wam,Scouting Drone,One,1,2,1,,1,,513.00
fllrg.wam,Fission Reactor,One,,,1,,1,,499.00
fllrg.wam,Inflatable Laboratory,Two,1,,,,,,1.00
fllrg.wam,Solar Panel Array,One,1,1,1,,,,41.50
ahtgq.wam,ZFT League of Martians,Community Patch,,,,,,,0.00
wgkfw.wam,ZFT League of Martians,Community Patch,,,,,,,0.00
wgkfw.wam,Ice Mining Rig,One,,,,,1,,465.00
wgkfw.wam,Crew Rocketship,Two,,,,,1,,465.00
wgkfw.wam,Male Engineer,Two,,1,,,,,6.50
wgkfw.wam,Inflatable Greenhouse,Two,,1,,,,,6.50
wgkfw.wam,Male Scientist,Two,,,,1,,,144.00
wgkfw.wam,Female Scientist,Two,,1,,,,,6.50
wgkfw.wam,Inflatable Laboratory,Two,,,,1,,,144.00
wgkfw.wam,Cargo Rocketship,One,,,,,1,,465.00
wgkfw.wam,Solar Panel Array,One,,,,,1,,465.00
wgkfw.wam,Inflatable Sleeping Pod,Two,,,,1,,,144.00
wgkfw.wam,Fuel Plant,One,,,,,1,,465.00
wgkfw.wam,3D Printing Robot,Two,,1,,,,,6.50
wgkfw.wam,Female Engineer,Two,,,,1,,,144.00
wgkfw.wam,Rover,One,,,,,1,,465.00
wgkfw.wam,Fission Reactor,One,,,,,1,,465.00
wgkfw.wam,Scouting Drone,One,,,,,1,,465.00
jehclarity23,Rover,One,,,,,1,,465.00
jehclarity23,Scouting Drone,One,,,,,1,,465.00
jehclarity23,Ice Mining Rig,One,,,,,1,,465.00
jehclarity23,3D Printing Robot,Two,,,,,1,,465.00
jehclarity23,Male Scientist,Two,,,,1,1,,609.00
jehclarity23,Fuel Plant,One,,11,,,4,,1931.50
jehclarity23,Female Engineer,Two,,,,,1,,465.00
jehclarity23,Inflatable Sleeping Pod,Two,,,,,1,,465.00
jehclarity23,Solar Panel Array,One,,,,,1,,465.00
jehclarity23,Cargo Rocketship,One,,,,,2,,930.00
jehclarity23,Male Engineer,Two,,,,,1,,465.00
jehclarity23,ZFT League of Martians,Community Patch,,,,,,,0.00
jehclarity23,Fission Reactor,One,,,,,1,,465.00
jehclarity23,Crew Rocketship,Two,,,,,1,,465.00
jehclarity23,Female Scientist,Two,,,,,1,,465.00
jehclarity23,Inflatable Laboratory,Two,,,,,1,,465.00
jehclarity23,Inflatable Greenhouse,Two,,,,,1,,465.00
martianboy21,Inflatable Laboratory,Two,,,,,1,,465.00
martianboy21,Inflatable Sleeping Pod,Two,,,,,1,,465.00
martianboy21,Cargo Rocketship,One,,,,,2,,930.00
martianboy21,Solar Panel Array,One,,,,,2,,930.00
martianboy21,Crew Rocketship,Two,,,,,1,,465.00
martianboy21,Male Scientist,Two,,,,,1,,465.00
martianboy21,Inflatable Greenhouse,Two,,,,,1,,465.00
martianboy21,Rover,One,,,,,1,,465.00
martianboy21,Male Engineer,Two,,,,,1,,465.00
martianboy21,Female Engineer,Two,,,,,1,,465.00
martianboy21,ZFT League of Martians,Community Patch,,,,,,,0.00
martianboy21,Fission Reactor,One,,,,,1,,465.00
martianboy21,Scouting Drone,One,,,,,1,,465.00
martianboy21,Fuel Plant,One,,,,,3,,1395.00
martianboy21,Ice Mining Rig,One,,,,,1,,465.00
martianboy21,3D Printing Robot,Two,,,,,1,,465.00
martianboy21,Female Scientist,Two,,,,,1,,465.00
..bwc.wam,Inflatable Sleeping Pod,Two,,,,,1,,465.00
..bwc.wam,Crew Rocketship,Two,,,,,1,,465.00
..bwc.wam,Solar Panel Array,One,,,,,4,,1860.00
..bwc.wam,3D Printing Robot,Two,,,,,1,,465.00
..bwc.wam,Female Scientist,Two,,,,,1,,465.00
..bwc.wam,Male Scientist,Two,,,,,1,,465.00
..bwc.wam,ZFT League of Martians,Community Patch,,,,,,,0.00
..bwc.wam,Rover,One,,,,,1,,465.00
..bwc.wam,Fuel Plant,One,,,,,2,,930.00
..bwc.wam,Fission Reactor,One,,,,,2,,930.00
..bwc.wam,Cargo Rocketship,One,,,,,2,,930.00
..bwc.wam,Inflatable Greenhouse,Two,,,,,1,,465.00
..bwc.wam,Scouting Drone,One,,,,,1,,465.00
..bwc.wam,Ice Mining Rig,One,,,,,1,,465.00
..bwc.wam,Male Engineer,Two,,,,,1,,465.00
..bwc.wam,Female Engineer,Two,,,,,1,,465.00
..bwc.wam,Inflatable Laboratory,Two,,,,,1,,465.00
pu2vc.wam,Rover,One,,,,1,,,144.00
pu2vc.wam,Cargo Rocketship,One,,,,1,,,144.00
pu2vc.wam,Fuel Plant,One,,,,,1,,465.00
pu2vc.wam,Crew Rocketship,Two,,,,,1,,465.00
pu2vc.wam,Female Engineer,Two,,,,,1,,465.00
pu2vc.wam,Inflatable Greenhouse,Two,,,,1,,,144.00
pu2vc.wam,ZFT League of Martians,Community Patch,,,,,,,0.00
21wwy.wam,Cargo Rocketship,One,,,,,1,,465.00
21wwy.wam,Inflatable Greenhouse,Two,,,,1,,,144.00
21wwy.wam,ZFT League of Martians,Community Patch,,,,,,,0.00
andreabads11,ZFT League of Martians,Community Patch,,,,,,,0.00
andreabads11,Cargo Rocketship,One,,,,,1,,465.00
andreabads11,Solar Panel Array,One,,,,1,1,,609.00
andreabads11,Fuel Plant,One,,,,,1,,465.00
albwm.wam,Fuel Plant,One,2,3,,,1,,486.50
albwm.wam,Rover,One,1,2,,1,1,,623.00
albwm.wam,Solar Panel Array,One,5,2,2,,5,,2411.00
albwm.wam,Fission Reactor,One,5,1,3,1,1,,722.50
albwm.wam,Cargo Rocketship,One,,4,1,,4,,1920.00
albwm.wam,Scouting Drone,One,2,2,1,2,,,337.00
albwm.wam,Ice Mining Rig,One,2,2,1,,1,,514.00
albwm.wam,Crew Rocketship,Two,,,,,1,,465.00
albwm.wam,ZFT League of Martians,Community Patch,,,,,,,0.00
wk3vi.wam,ZFT League of Martians,Community Patch,,,,,,,0.00
o4eei.wam,Scouting Drone,One,,,,5,16,,8160.00
o4eei.wam,Fission Reactor,One,,,,14,11,,7131.00
o4eei.wam,Ice Mining Rig,One,,,,5,12,,6300.00
o4eei.wam,Male Scientist,Two,,,2,1,1,,677.00
o4eei.wam,Female Scientist,Two,,,1,2,,,322.00
o4eei.wam,Male Engineer,Two,,,,2,1,,753.00
o4eei.wam,ZFT League of Martians,Community Patch,,,,,,,0.00
o4eei.wam,Rover,One,2,,,,18,,8372.00
o4eei.wam,Fuel Plant,One,1,,,6,9,,5050.00
o4eei.wam,Cargo Rocketship,One,,,,2,4,,2148.00
o4eei.wam,Solar Panel Array,One,,,,2,,,288.00
o4eei.wam,Female Engineer,Two,,,,1,,,144.00
qfwus.wam,Inflatable Laboratory,Two,,,,,1,,465.00
qfwus.wam,Inflatable Greenhouse,Two,,,,,2,,930.00
qfwus.wam,Ice Mining Rig,One,2,1,,,,,8.50
qfwus.wam,Fission Reactor,One,,2,,,1,,478.00
qfwus.wam,Male Engineer,Two,,,,,1,,465.00
qfwus.wam,Inflatable Sleeping Pod,Two,,,,,1,,465.00
qfwus.wam,ZFT League of Martians,Community Patch,,,,,,,0.00
qfwus.wam,Rover,One,,,,,1,,465.00
qfwus.wam,Scouting Drone,One,,1,,,,,6.50
qfwus.wam,Solar Panel Array,One,4,,,1,,,148.00
qfwus.wam,Fuel Plant,One,3,,,,,,3.00
qfwus.wam,Female Engineer,Two,,,,,2,,930.00
qfwus.wam,Cargo Rocketship,One,2,,,,,,2.00
x4hx.wam,Cargo Rocketship,One,,,,,1,,465.00
x4hx.wam,Ice Mining Rig,One,,,,,1,,465.00
x4hx.wam,Fuel Plant,One,,,,,1,,465.00
x4hx.wam,ZFT League of Martians,Community Patch,,,,,,,0.00
w4ox.wam,ZFT League of Martians,Community Patch,,,,,,,0.00
w4ox.wam,Rover,One,5,2,1,,1,,517.00
w4ox.wam,Ice Mining Rig,One,5,2,1,,1,,517.00
w4ox.wam,Crew Rocketship,Two,1,1,,,1,,472.50
w4ox.wam,3D Printing Robot,Two,1,1,,,1,,472.50
w4ox.wam,Female Engineer,Two,1,1,1,,1,,506.50
w4ox.wam,Inflatable Greenhouse,Two,1,1,1,,1,,506.50
w4ox.wam,Inflatable Sleeping Pod,Two,1,1,1,,1,,506.50
w4ox.wam,Fuel Plant,One,8,3,1,,1,,526.50
w4ox.wam,Solar Panel Array,One,6,2,1,,1,,518.00
w4ox.wam,Male Scientist,Two,1,1,1,,1,,506.50
w4ox.wam,Female Scientist,Two,1,1,,,1,,472.50
w4ox.wam,Scouting Drone,One,8,2,1,,1,,520.00
w4ox.wam,Fission Reactor,One,5,3,1,,1,,523.50
w4ox.wam,Male Engineer,Two,1,1,1,,1,,506.50
w4ox.wam,Inflatable Laboratory,Two,1,1,,,1,,472.50
w4ox.wam,Cargo Rocketship,One,10,2,1,,2,,987.00
vylgs.wam,Fission Reactor,One,,,,,1,,465.00
vylgs.wam,Scouting Drone,One,,,,,1,,465.00
vylgs.wam,Fuel Plant,One,,,,,1,,465.00
vylgs.wam,Crew Rocketship,Two,,,,,1,,465.00
vylgs.wam,Male Engineer,Two,,,,,1,,465.00
vylgs.wam,Rover,One,,,,,1,,465.00
vylgs.wam,Solar Panel Array,One,,,,,1,,465.00
vylgs.wam,Inflatable Laboratory,Two,,,,,1,,465.00
vylgs.wam,ZFT League of Martians,Community Patch,,,,,,,0.00
vylgs.wam,Cargo Rocketship,One,,,,,1,,465.00
vylgs.wam,Ice Mining Rig,One,,,,,1,,465.00
vylgs.wam,Male Scientist,Two,,,,,1,,465.00
vylgs.wam,Female Scientist,Two,,,,,1,,465.00
vylgs.wam,Inflatable Greenhouse,Two,,,,,1,,465.00
vylgs.wam,Inflatable Sleeping Pod,Two,,,,,1,,465.00
vylgs.wam,3D Printing Robot,Two,,,,,1,,465.00
vylgs.wam,Female Engineer,Two,,,,,1,,465.00
mgef2.wam,Fuel Plant,One,3,,,1,2,,1077.00
mgef2.wam,Inflatable Greenhouse,Two,1,2,3,,2,,1046.00
mgef2.wam,Female Scientist,Two,2,,1,,1,,501.00
mgef2.wam,Ice Mining Rig,One,1,1,1,1,,,185.50
mgef2.wam,Male Engineer,Two,1,,,1,1,,610.00
mgef2.wam,Fission Reactor,One,,1,,,1,,471.50
mgef2.wam,Cargo Rocketship,One,1,1,,,1,,472.50
mgef2.wam,Solar Panel Array,One,1,1,,,,,7.50
mgef2.wam,3D Printing Robot,Two,,,,,1,,465.00
mgef2.wam,Inflatable Sleeping Pod,Two,1,1,,1,1,,616.50
mgef2.wam,ZFT League of Martians,Community Patch,,,,,,,0.00
mgef2.wam,Rover,One,1,1,,,1,,472.50
mgef2.wam,Female Engineer,Two,,2,,,1,,478.00
mgef2.wam,Scouting Drone,One,2,,1,1,,,180.00
mgef2.wam,Crew Rocketship,Two,,,,,1,,465.00
mgef2.wam,Male Scientist,Two,1,,,,1,,466.00
mgef2.wam,Inflatable Laboratory,Two,,1,,,1,,471.50
nftrichpanxd,Solar Panel Array,One,,,,,3,,1395.00
nftrichpanxd,Cargo Rocketship,One,,,,,3,,1395.00
nftrichpanxd,Inflatable Laboratory,Two,,,,,1,,465.00
nftrichpanxd,Inflatable Greenhouse,Two,,,,,1,,465.00
nftrichpanxd,Scouting Drone,One,,,,,1,,465.00
nftrichpanxd,Ice Mining Rig,One,,,,,1,,465.00
nftrichpanxd,Rover,One,,,,,1,,465.00
nftrichpanxd,Fission Reactor,One,,,,,3,,1395.00
nftrichpanxd,Fuel Plant,One,,,,,2,,930.00
nftrichpanxd,3D Printing Robot,Two,,,,,1,,465.00
nftrichpanxd,Female Engineer,Two,,,,,1,,465.00
nftrichpanxd,Male Scientist,Two,,,,,1,,465.00
nftrichpanxd,ZFT League of Martians,Community Patch,,,,,,,0.00
1ntus.wam,Male Scientist,Two,1,1,1,1,1,,650.50
1ntus.wam,Inflatable Laboratory,Two,1,1,1,1,1,,650.50
1ntus.wam,Inflatable Greenhouse,Two,1,1,1,1,1,,650.50
1ntus.wam,Rover,One,1,1,1,1,1,,650.50
1ntus.wam,Ice Mining Rig,One,1,1,1,1,1,,650.50
1ntus.wam,Fuel Plant,One,1,1,1,1,1,,650.50
1ntus.wam,3D Printing Robot,Two,1,1,1,1,1,,650.50
1ntus.wam,Male Engineer,Two,1,1,1,1,1,,650.50
1ntus.wam,Female Scientist,Two,1,1,1,1,1,,650.50
1ntus.wam,Solar Panel Array,One,1,1,1,1,1,,650.50
1ntus.wam,Scouting Drone,One,1,1,1,1,1,,650.50
1ntus.wam,Crew Rocketship,Two,1,1,1,1,1,,650.50
1ntus.wam,ZFT League of Martians,Community Patch,,,,,,,0.00
1ntus.wam,Fission Reactor,One,1,1,1,1,1,,650.50
1ntus.wam,Cargo Rocketship,One,1,1,1,1,1,,650.50
1ntus.wam,Female Engineer,Two,1,1,1,1,1,,650.50
1ntus.wam,Inflatable Sleeping Pod,Two,1,1,1,1,1,,650.50
ezcgy.wam,Scouting Drone,One,,,,,1,,465.00
ezcgy.wam,Fuel Plant,One,,,,,4,,1860.00
ezcgy.wam,Cargo Rocketship,One,,,,,3,,1395.00
ezcgy.wam,Inflatable Greenhouse,Two,,,,,1,,465.00
ezcgy.wam,ZFT League of Martians,Community Patch,,,,,,,0.00
ezcgy.wam,Rover,One,,,,,1,,465.00
ezcgy.wam,Fission Reactor,One,,,,,1,,465.00
ezcgy.wam,Solar Panel Array,One,,,,,1,,465.00
ezcgy.wam,Ice Mining Rig,One,,,,,1,,465.00
zqggc.wam,Male Engineer,Two,,,,,1,,465.00
zqggc.wam,Female Scientist,Two,,,,,1,,465.00
zqggc.wam,ZFT League of Martians,Community Patch,,,,,,,0.00
zqggc.wam,Crew Rocketship,Two,,,,,1,,465.00
zqggc.wam,Scouting Drone,One,,,,,2,,930.00
zqggc.wam,Inflatable Greenhouse,Two,,,,,3,,1395.00
zqggc.wam,Cargo Rocketship,One,,,,,2,,930.00
zqggc.wam,Solar Panel Array,One,,,,,2,,930.00
zqggc.wam,Female Engineer,Two,,,,,1,,465.00
zqggc.wam,Male Scientist,Two,,,,,1,,465.00
zqggc.wam,Inflatable Laboratory,Two,,,,,1,,465.00
zqggc.wam,Fuel Plant,One,,,,,4,,1860.00
zqggc.wam,Fission Reactor,One,,,,,1,,465.00
zqggc.wam,Inflatable Sleeping Pod,Two,,,,,2,,930.00
zqggc.wam,3D Printing Robot,Two,,,,,1,,465.00
zqggc.wam,Ice Mining Rig,One,,,,,1,,465.00
zqggc.wam,Rover,One,,,,,2,,930.00
sytuw.wam,Ice Mining Rig,One,3,,,1,1,,612.00
sytuw.wam,Solar Panel Array,One,1,,,,1,,466.00
sytuw.wam,Scouting Drone,One,,,,,1,,465.00
sytuw.wam,Fuel Plant,One,,1,,,,,6.50
sytuw.wam,Inflatable Greenhouse,Two,,,,1,,,144.00
sytuw.wam,Rover,One,3,,,,,,3.00
sytuw.wam,Cargo Rocketship,One,1,,,1,,,145.00
sytuw.wam,ZFT League of Martians,Community Patch,,,,,,,0.00
sytuw.wam,Fission Reactor,One,,,,1,1,,609.00
k53wy.wam,Scouting Drone,One,4,1,,,1,,475.50
k53wy.wam,Fuel Plant,One,2,3,,,1,,486.50
k53wy.wam,Rover,One,2,,,,1,,467.00
k53wy.wam,Crew Rocketship,Two,,,,,1,,465.00
k53wy.wam,Female Engineer,Two,,,,,1,,465.00
k53wy.wam,Solar Panel Array,One,3,,,,1,,468.00
k53wy.wam,3D Printing Robot,Two,,,,,1,,465.00
k53wy.wam,Male Scientist,Two,,,,,1,,465.00
k53wy.wam,Inflatable Sleeping Pod,Two,,,,,1,,465.00
k53wy.wam,ZFT League of Martians,Community Patch,,,,,,,0.00
k53wy.wam,Fission Reactor,One,,,,,1,,465.00
k53wy.wam,Inflatable Greenhouse,Two,,,,,4,,1860.00
k53wy.wam,Ice Mining Rig,One,2,,,,1,,467.00
k53wy.wam,Cargo Rocketship,One,2,,,,1,,467.00
k53wy.wam,Male Engineer,Two,,,,,1,,465.00
k53wy.wam,Female Scientist,Two,,,,,1,,465.00
k53wy.wam,Inflatable Laboratory,Two,,,,,1,,465.00
zrkbm.wam,Ice Mining Rig,One,,,,,2,,930.00
zrkbm.wam,Fuel Plant,One,,,,,2,,930.00
zrkbm.wam,Male Scientist,Two,,,,,2,,930.00
zrkbm.wam,Inflatable Laboratory,Two,,,2,,2,,998.00
zrkbm.wam,Fission Reactor,One,,,,,3,,1395.00
zrkbm.wam,Rover,One,,,,,2,,930.00
zrkbm.wam,Male Engineer,Two,,,,,2,,930.00
zrkbm.wam,Female Engineer,Two,,,2,1,2,,1142.00
zrkbm.wam,ZFT League of Martians,Community Patch,,,,,,,0.00
zrkbm.wam,Scouting Drone,One,,,,,3,,1395.00
zrkbm.wam,Cargo Rocketship,One,,,,,2,,930.00
zrkbm.wam,3D Printing Robot,Two,,,,1,2,,1074.00
zrkbm.wam,Inflatable Greenhouse,Two,,,,,2,,930.00
zrkbm.wam,Solar Panel Array,One,,,,,2,,930.00
zrkbm.wam,Crew Rocketship,Two,,,2,,2,,998.00
zrkbm.wam,Female Scientist,Two,,,,,2,,930.00
zrkbm.wam,Inflatable Sleeping Pod,Two,,,2,,2,,998.00
npcw.wam,Crew Rocketship,Two,2,1,,,1,,473.50
npcw.wam,Cargo Rocketship,One,2,1,,,13,,6053.50
npcw.wam,Fuel Plant,One,2,1,1,,10,,4692.50
npcw.wam,Male Scientist,Two,,,,,1,,465.00
npcw.wam,3D Printing Robot,Two,4,,,,1,,469.00
npcw.wam,Solar Panel Array,One,2,,,,3,,1397.00
npcw.wam,Inflatable Sleeping Pod,Two,2,,,,1,,467.00
npcw.wam,ZFT League of Martians,Community Patch,,,,,,,0.00
npcw.wam,Rover,One,1,,,,1,,466.00
npcw.wam,Ice Mining Rig,One,1,1,,,3,,1402.50
npcw.wam,Inflatable Greenhouse,Two,1,1,,,2,,937.50
npcw.wam,Female Engineer,Two,2,3,1,,1,,520.50
npcw.wam,Male Engineer,Two,2,,,,1,,467.00
npcw.wam,Female Scientist,Two,2,,,,1,,467.00
npcw.wam,Inflatable Laboratory,Two,,,,,1,,465.00
npcw.wam,Fission Reactor,One,,3,1,,1,,518.50
npcw.wam,Scouting Drone,One,2,1,,,3,,1403.50
fexwq.wam,Fission Reactor,One,,2,,,,,13.00
fexwq.wam,Fuel Plant,One,,,2,,,,68.00
fexwq.wam,Cargo Rocketship,One,1,,,,,,1.00
fexwq.wam,Solar Panel Array,One,,,,1,,,144.00
fexwq.wam,Crew Rocketship,Two,,,,,1,,465.00
fexwq.wam,ZFT League of Martians,Community Patch,,,,,,,0.00
fexwq.wam,Rover,One,1,1,,,,,7.50
uodx.wam,Crew Rocketship,Two,,,,,1,,465.00
uodx.wam,Female Scientist,Two,,,,,1,,465.00
uodx.wam,ZFT League of Martians,Community Patch,,,,,,,0.00
uodx.wam,Solar Panel Array,One,,,,,3,,1395.00
uodx.wam,Ice Mining Rig,One,,,,,1,,465.00
uodx.wam,Inflatable Greenhouse,Two,,,,,1,,465.00
uodx.wam,Rover,One,,,,,1,,465.00
uodx.wam,Scouting Drone,One,,,,,1,,465.00
uodx.wam,Cargo Rocketship,One,,,,,2,,930.00
uodx.wam,3D Printing Robot,Two,,,,,1,,465.00
uodx.wam,Male Scientist,Two,,,,,1,,465.00
uodx.wam,Inflatable Sleeping Pod,Two,,,,,1,,465.00
uodx.wam,Fission Reactor,One,,,,,1,,465.00
uodx.wam,Fuel Plant,One,,,,,2,,930.00
uodx.wam,Male Engineer,Two,,,,,1,,465.00
uodx.wam,Female Engineer,Two,,,,,1,,465.00
uodx.wam,Inflatable Laboratory,Two,,,,,1,,465.00
5vse2.wam,Cargo Rocketship,One,4,,,1,,,148.00
5vse2.wam,Solar Panel Array,One,3,2,,1,,,160.00
5vse2.wam,Scouting Drone,One,3,1,,1,,,153.50
5vse2.wam,Fission Reactor,One,2,,,1,,,146.00
5vse2.wam,ZFT League of Martians,Community Patch,,,,,,,0.00
5vse2.wam,Rover,One,3,,,1,,,147.00
5vse2.wam,Ice Mining Rig,One,2,,,1,,,146.00
5vse2.wam,Fuel Plant,One,1,1,,1,,,151.50
5vse2.wam,Crew Rocketship,Two,,,,1,,,144.00
5vse2.wam,Female Engineer,Two,,,,1,,,144.00
p33bo.wam,Scouting Drone,One,,,,,1,,465.00
p33bo.wam,Ice Mining Rig,One,,,,,1,,465.00
p33bo.wam,Male Scientist,Two,,,,,1,,465.00
p33bo.wam,ZFT League of Martians,Community Patch,,,,,,,0.00
angnftholder,Inflatable Laboratory,Two,,,,1,,,144.00
angnftholder,Inflatable Greenhouse,Two,,,,,1,,465.00
angnftholder,ZFT League of Martians,Community Patch,,,,,,,0.00
angnftholder,Cargo Rocketship,One,,,,,1,,465.00
angnftholder,Fuel Plant,One,,,,,1,,465.00
.cauu.wam,Inflatable Laboratory,Two,,,3,,,,102.00
.cauu.wam,Female Scientist,Two,1,1,1,,,,41.50
.cauu.wam,Crew Rocketship,Two,,1,,,,,6.50
.cauu.wam,Female Engineer,Two,,1,,,,,6.50
.cauu.wam,Male Scientist,Two,,,1,1,,,178.00
.cauu.wam,Inflatable Sleeping Pod,Two,,1,,1,,,150.50
.cauu.wam,ZFT League of Martians,Community Patch,,,,,,,0.00
.cauu.wam,Rover,One,,,,,1,,465.00
.cauu.wam,Inflatable Greenhouse,Two,,3,1,,,,53.50
.cauu.wam,3D Printing Robot,Two,,2,1,,,,47.00
.cauu.wam,Solar Panel Array,One,,,,,1,,465.00
.cauu.wam,Scouting Drone,One,,,,,1,,465.00
..ox.wam,Fission Reactor,One,,,,,1,,465.00
..ox.wam,Solar Panel Array,One,,,,,1,,465.00
..ox.wam,Ice Mining Rig,One,,,,,1,,465.00
..ox.wam,ZFT League of Martians,Community Patch,,,,,,,0.00
..ox.wam,Rover,One,,,,,1,,465.00
gp1wu.wam,Inflatable Greenhouse,Two,1,1,1,1,1,,650.50
gp1wu.wam,Inflatable Sleeping Pod,Two,1,1,1,,1,,506.50
gp1wu.wam,Ice Mining Rig,One,2,5,2,1,1,,711.50
gp1wu.wam,Fission Reactor,One,4,1,1,1,1,,653.50
gp1wu.wam,Crew Rocketship,Two,4,3,1,,1,,522.50
gp1wu.wam,Scouting Drone,One,3,2,1,1,1,,659.00
gp1wu.wam,Rover,One,2,3,1,1,2,,1129.50
gp1wu.wam,Inflatable Laboratory,Two,1,2,1,,1,,513.00
gp1wu.wam,Female Scientist,Two,2,4,1,1,1,,671.00
gp1wu.wam,3D Printing Robot,Two,1,3,1,1,1,,663.50
gp1wu.wam,Fuel Plant,One,2,1,2,1,1,,685.50
gp1wu.wam,Cargo Rocketship,One,1,7,2,2,2,,1332.50
gp1wu.wam,ZFT League of Martians,Community Patch,,,,,,,0.00
gp1wu.wam,Solar Panel Array,One,5,1,2,1,1,,688.50
gp1wu.wam,Female Engineer,Two,4,1,1,,1,,509.50
gp1wu.wam,Male Scientist,Two,2,1,1,1,2,,1116.50
gp1wu.wam,Male Engineer,Two,1,1,1,1,1,,650.50
ooueo.wam,Female Engineer,Two,4,2,1,,,,51.00
ooueo.wam,Male Engineer,Two,3,1,,,,,9.50
ooueo.wam,Rover,One,2,,,,1,,467.00
ooueo.wam,Cargo Rocketship,One,2,1,,,1,,473.50
ooueo.wam,Solar Panel Array,One,,1,1,,1,,505.50
ooueo.wam,Inflatable Laboratory,Two,1,4,1,,,,61.00
ooueo.wam,ZFT League of Martians,Community Patch,,,,,,,0.00
ooueo.wam,Ice Mining Rig,One,,1,,,1,,471.50
ooueo.wam,Female Scientist,Two,,2,2,,,,81.00
ooueo.wam,Fission Reactor,One,4,3,,1,1,,632.50
ooueo.wam,3D Printing Robot,Two,3,,,,,,3.00
ooueo.wam,Inflatable Greenhouse,Two,3,1,,,,,9.50
ooueo.wam,Male Scientist,Two,2,1,1,,,,42.50
ooueo.wam,Crew Rocketship,Two,2,,1,,,,36.00
ooueo.wam,Inflatable Sleeping Pod,Two,3,2,,,,,16.00
ooueo.wam,Scouting Drone,One,2,1,,1,1,,617.50
ooueo.wam,Fuel Plant,One,,1,,,1,,471.50
hxtew.wam,Solar Panel Array,One,,,,,1,,465.00
hxtew.wam,Scouting Drone,One,,,,,1,,465.00
hxtew.wam,ZFT League of Martians,Community Patch,,,,,,,0.00
h.kgq.wam,ZFT League of Martians,Community Patch,,,,,,,0.00
h.kgq.wam,Fuel Plant,One,5,1,,1,,,155.50
h.kgq.wam,Fission Reactor,One,5,,1,,,,39.00
h.kgq.wam,Ice Mining Rig,One,4,2,1,,,,51.00
h.kgq.wam,Rover,One,2,1,,,,,8.50
h.kgq.wam,Scouting Drone,One,3,1,1,2,,,331.50
h.kgq.wam,Solar Panel Array,One,2,,1,1,1,,645.00
h.kgq.wam,Cargo Rocketship,One,2,1,,,1,,473.50
h.kgq.wam,Inflatable Greenhouse,Two,,,,,1,,465.00
5gjeu.wam,Inflatable Sleeping Pod,Two,,,,1,,,144.00
5gjeu.wam,Fuel Plant,One,,,,,2,,930.00
5gjeu.wam,Male Engineer,Two,,,,1,,,144.00
5gjeu.wam,Cargo Rocketship,One,,,,,3,,1395.00
5gjeu.wam,Scouting Drone,One,,,1,,2,,964.00
5gjeu.wam,Ice Mining Rig,One,,,,,1,,465.00
5gjeu.wam,3D Printing Robot,Two,,,,1,,,144.00
5gjeu.wam,Inflatable Greenhouse,Two,,,,1,,,144.00
5gjeu.wam,ZFT League of Martians,Community Patch,,,,,,,0.00
5gjeu.wam,Rover,One,,,,,1,,465.00
5gjeu.wam,Fission Reactor,One,,,,,1,,465.00
5gjeu.wam,Crew Rocketship,Two,,,,1,,,144.00
5gjeu.wam,Female Scientist,Two,,,,1,,,144.00
5gjeu.wam,Inflatable Laboratory,Two,,,,1,,,144.00
lu1v.wam,Female Scientist,Two,,,,2,1,,753.00
lu1v.wam,Inflatable Laboratory,Two,,,,1,1,,609.00
lu1v.wam,Fission Reactor,One,,,,,1,,465.00
lu1v.wam,Male Engineer,Two,,1,,,,,6.50
lu1v.wam,ZFT League of Martians,Community Patch,,,,,,,0.00
lu1v.wam,Rover,One,,,,,1,,465.00
lu1v.wam,Ice Mining Rig,One,,,,,1,,465.00
lu1v.wam,3D Printing Robot,Two,,,,,1,,465.00
lu1v.wam,Female Engineer,Two,,,,1,1,,609.00
lu1v.wam,Crew Rocketship,Two,,,,1,1,,609.00
lu1v.wam,Inflatable Greenhouse,Two,,,,,1,,465.00
lu1v.wam,Inflatable Sleeping Pod,Two,,,,,1,,465.00
lu1v.wam,Cargo Rocketship,One,,,,,1,,465.00
lu1v.wam,Solar Panel Array,One,1,,,,1,,466.00
lu1v.wam,Scouting Drone,One,,,,,1,,465.00
lu1v.wam,Fuel Plant,One,,,,,1,,465.00
vvjgy.wam,Male Engineer,Two,,,,,1,,465.00
vvjgy.wam,ZFT League of Martians,Community Patch,,,,,,,0.00
hohv.wam,Female Engineer,Two,,,,,3,,1395.00
hohv.wam,Scouting Drone,One,,,,,3,,1395.00
hohv.wam,Inflatable Greenhouse,Two,,,,2,1,,753.00
hohv.wam,Fuel Plant,One,,,,,2,,930.00
hohv.wam,Female Scientist,Two,,,,,2,,930.00
hohv.wam,Male Scientist,Two,,,,1,1,,609.00
hohv.wam,Inflatable Laboratory,Two,,,,,1,,465.00
hohv.wam,ZFT League of Martians,Community Patch,,,,,,,0.00
hohv.wam,Cargo Rocketship,One,,,,,1,,465.00
hohv.wam,Crew Rocketship,Two,,,,1,,,144.00
hohv.wam,3D Printing Robot,Two,,,,,1,,465.00
hohv.wam,Inflatable Sleeping Pod,Two,,,,,2,,930.00
hohv.wam,Male Engineer,Two,,,,,1,,465.00
z21vw.wam,ZFT League of Martians,Community Patch,,,,,,,0.00
nbtfq.wam,Crew Rocketship,Two,,,,,10,,4650.00
nbtfq.wam,Rover,One,,,,,7,,3255.00
nbtfq.wam,Fission Reactor,One,,,,,7,,3255.00
nbtfq.wam,ZFT League of Martians,Community Patch,,,,,,,0.00
nbtfq.wam,3D Printing Robot,Two,,,,,10,,4650.00
nbtfq.wam,Solar Panel Array,One,,,,,7,,3255.00
nbtfq.wam,Male Engineer,Two,,,,,10,,4650.00
nbtfq.wam,Male Scientist,Two,,,,,10,,4650.00
nbtfq.wam,Inflatable Laboratory,Two,,,,,10,,4650.00
nbtfq.wam,Inflatable Greenhouse,Two,,,,,10,,4650.00
nbtfq.wam,Scouting Drone,One,,,,,7,,3255.00
nbtfq.wam,Ice Mining Rig,One,,,,,7,,3255.00
nbtfq.wam,Fuel Plant,One,,,,,7,,3255.00
nbtfq.wam,Female Engineer,Two,,,,,10,,4650.00
nbtfq.wam,Female Scientist,Two,,,,,10,,4650.00
nbtfq.wam,Inflatable Sleeping Pod,Two,,,,,10,,4650.00
nbtfq.wam,Cargo Rocketship,One,,,,,7,,3255.00
1tafs.wam,Fission Reactor,One,,,,,1,,465.00
1tafs.wam,ZFT League of Martians,Community Patch,,,,,,,0.00
1tafs.wam,Rover,One,,,,,1,,465.00
chiefnyanta4,Rover,One,,,,,1,,465.00
chiefnyanta4,Fission Reactor,One,,,,,1,,465.00
chiefnyanta4,Cargo Rocketship,One,,,,,1,,465.00
chiefnyanta4,Scouting Drone,One,,,,,1,,465.00
chiefnyanta4,Inflatable Greenhouse,Two,,,,,1,,465.00
chiefnyanta4,Solar Panel Array,One,,,,,1,,465.00
chiefnyanta4,Ice Mining Rig,One,,,,,1,,465.00
chiefnyanta4,Fuel Plant,One,,,,,1,,465.00
chiefnyanta4,ZFT League of Martians,Community Patch,,,,,,,0.00
.rpww.wam,ZFT League of Martians,Community Patch,,,,,,,0.00
.rpww.wam,Rover,One,,,,,1,,465.00
.rpww.wam,Ice Mining Rig,One,,,,1,,,144.00
511fc.wam,Fuel Plant,One,2,,,,,,2.00
511fc.wam,ZFT League of Martians,Community Patch,,,,,,,0.00
511fc.wam,Ice Mining Rig,One,6,,,1,,,150.00
511fc.wam,Rover,One,5,,,,,,5.00
511fc.wam,Cargo Rocketship,One,,2,,1,,,157.00
511fc.wam,Fission Reactor,One,2,,,1,,,146.00
511fc.wam,Scouting Drone,One,2,1,,,,,8.50
gmivi.wam,Fuel Plant,One,,2,,,1,,478.00
gmivi.wam,Scouting Drone,One,2,2,1,,1,,514.00
gmivi.wam,Rover,One,,,,,1,,465.00
gmivi.wam,Cargo Rocketship,One,,,1,1,1,,643.00
gmivi.wam,Solar Panel Array,One,,,,,1,,465.00
gmivi.wam,Inflatable Sleeping Pod,Two,4,,1,,1,,503.00
gmivi.wam,Crew Rocketship,Two,3,,,,1,,468.00
gmivi.wam,Male Engineer,Two,2,2,,,1,,480.00
gmivi.wam,Inflatable Laboratory,Two,2,1,,,1,,473.50
gmivi.wam,Male Scientist,Two,1,1,1,1,1,,650.50
gmivi.wam,ZFT League of Martians,Community Patch,,,,,,,0.00
gmivi.wam,Ice Mining Rig,One,,,1,,1,,499.00
gmivi.wam,Inflatable Greenhouse,Two,,3,1,,1,,518.50
gmivi.wam,Female Scientist,Two,,2,1,,1,,512.00
gmivi.wam,Fission Reactor,One,,,2,,1,,533.00
gmivi.wam,3D Printing Robot,Two,,,,,1,,465.00
gmivi.wam,Female Engineer,Two,1,1,2,,1,,540.50
ekdvu.wam,Male Engineer,Two,3,,,,1,,468.00
ekdvu.wam,Inflatable Laboratory,Two,,2,,,1,,478.00
ekdvu.wam,Female Engineer,Two,2,1,,,1,,473.50
ekdvu.wam,Cargo Rocketship,One,,1,,,1,,471.50
ekdvu.wam,Male Scientist,Two,5,,,,1,,470.00
ekdvu.wam,Fission Reactor,One,4,,1,,1,,503.00
ekdvu.wam,3D Printing Robot,Two,,,,,1,,465.00
ekdvu.wam,Crew Rocketship,Two,5,1,,1,,,155.50
ekdvu.wam,Rover,One,4,,,2,,,292.00
ekdvu.wam,Solar Panel Array,One,1,2,,,2,,944.00
ekdvu.wam,Inflatable Sleeping Pod,Two,,2,,1,,,157.00
ekdvu.wam,Female Scientist,Two,2,,,,1,,467.00
ekdvu.wam,Scouting Drone,One,1,1,,,1,,472.50
ekdvu.wam,Ice Mining Rig,One,4,1,,1,,,154.50
ekdvu.wam,Inflatable Greenhouse,Two,2,,,,1,,467.00
ekdvu.wam,ZFT League of Martians,Community Patch,,,,,,,0.00
ekdvu.wam,Fuel Plant,One,4,3,,1,,,167.50
5yhgy.wam,Solar Panel Array,One,,,,,1,,465.00
5yhgy.wam,Scouting Drone,One,,,,,1,,465.00
5yhgy.wam,Fuel Plant,One,,,,,1,,465.00
5yhgy.wam,Male Engineer,Two,,,,1,,,144.00
5yhgy.wam,Female Scientist,Two,,,,1,,,144.00
5yhgy.wam,Inflatable Greenhouse,Two,,,,1,1,,609.00
5yhgy.wam,Cargo Rocketship,One,,,,,1,,465.00
5yhgy.wam,Inflatable Sleeping Pod,Two,,,,1,,,144.00
5yhgy.wam,ZFT League of Martians,Community Patch,,,,,,,0.00
bc2wm.wam,Fuel Plant,One,,,,,5,,2325.00
bc2wm.wam,Inflatable Laboratory,Two,,,,,4,,1860.00
bc2wm.wam,Male Engineer,Two,,,,,4,,1860.00
bc2wm.wam,Scouting Drone,One,,,,,5,,2325.00
bc2wm.wam,Fission Reactor,One,,,,,5,,2325.00
bc2wm.wam,Male Scientist,Two,,,,,4,,1860.00
bc2wm.wam,ZFT League of Martians,Community Patch,,,,,,,0.00
bc2wm.wam,Solar Panel Array,One,,,,,5,,2325.00
bc2wm.wam,3D Printing Robot,Two,,,,,4,,1860.00
bc2wm.wam,Ice Mining Rig,One,,,,,4,,1860.00
bc2wm.wam,Female Scientist,Two,,,,,4,,1860.00
bc2wm.wam,Inflatable Greenhouse,Two,,,,,4,,1860.00
bc2wm.wam,Inflatable Sleeping Pod,Two,,,,,4,,1860.00
bc2wm.wam,Rover,One,,,,,4,,1860.00
bc2wm.wam,Female Engineer,Two,,,,,4,,1860.00
bc2wm.wam,Crew Rocketship,Two,,,,,5,,2325.00
bc2wm.wam,Cargo Rocketship,One,,,,,5,,2325.00
zo2bo.wam,Fuel Plant,One,1,,,,,,1.00
zo2bo.wam,Crew Rocketship,Two,1,3,,,,,20.50
zo2bo.wam,3D Printing Robot,Two,3,,,,,,3.00
zo2bo.wam,Cargo Rocketship,One,3,1,,,,,9.50
zo2bo.wam,Inflatable Laboratory,Two,2,,,,,,2.00
zo2bo.wam,Ice Mining Rig,One,2,2,,,,,15.00
zo2bo.wam,Fission Reactor,One,1,2,,,,,14.00
zo2bo.wam,Inflatable Sleeping Pod,Two,5,,,,,,5.00
zo2bo.wam,Male Engineer,Two,4,2,,,1,,482.00
zo2bo.wam,Female Engineer,Two,4,1,,,,,10.50
zo2bo.wam,Scouting Drone,One,2,2,,,,,15.00
zo2bo.wam,Male Scientist,Two,1,,,1,,,145.00
zo2bo.wam,Inflatable Greenhouse,Two,7,,,,,,7.00
zo2bo.wam,Female Scientist,Two,5,1,,,,,11.50
zo2bo.wam,ZFT League of Martians,Community Patch,,,,,,,0.00
ky1fc.wam,Ice Mining Rig,One,,1,,,,,6.50
ky1fc.wam,Male Engineer,Two,,1,,,,,6.50
ky1fc.wam,Inflatable Laboratory,Two,,1,,,,,6.50
ky1fc.wam,Inflatable Sleeping Pod,Two,,1,,,,,6.50
ky1fc.wam,Cargo Rocketship,One,,2,,,,,13.00
ky1fc.wam,Solar Panel Array,One,,1,,,,,6.50
ky1fc.wam,Male Scientist,Two,,1,,,,,6.50
ky1fc.wam,Female Scientist,Two,,1,,,,,6.50
ky1fc.wam,ZFT League of Martians,Community Patch,,,,,,,0.00
ky1fc.wam,Rover,One,,1,,,1,,471.50
ky1fc.wam,Fuel Plant,One,,1,,,,,6.50
ky1fc.wam,Female Engineer,Two,,1,,,,,6.50
ky1fc.wam,Fission Reactor,One,1,1,,,,,7.50
ky1fc.wam,Scouting Drone,One,1,1,,,,,7.50
ky1fc.wam,Crew Rocketship,Two,,1,,,,,6.50
ky1fc.wam,3D Printing Robot,Two,,1,,,,,6.50
ky1fc.wam,Inflatable Greenhouse,Two,,1,,,,,6.50
vg3gy.wam,Solar Panel Array,One,5,,,,,,5.00
vg3gy.wam,ZFT League of Martians,Community Patch,,,,,,,0.00
cryptoexo221,Scouting Drone,One,,,,,1,,465.00
cryptoexo221,Ice Mining Rig,One,,,,,1,,465.00
cryptoexo221,Fuel Plant,One,,,,,1,,465.00
cryptoexo221,ZFT League of Martians,Community Patch,,,,,,,0.00
cryptoexo221,Rover,One,,,,,1,,465.00
cryptoexo221,Fission Reactor,One,,,,,1,,465.00
cryptoexo221,Cargo Rocketship,One,,,,,1,,465.00
cryptoexo221,Solar Panel Array,One,,,,,1,,465.00
gkiwy.wam,Inflatable Laboratory,Two,3,,,,,,3.00
gkiwy.wam,Inflatable Greenhouse,Two,2,,,,,,2.00
gkiwy.wam,3D Printing Robot,Two,,2,,,,,13.00
gkiwy.wam,ZFT League of Martians,Community Patch,,,,,,,0.00
gkiwy.wam,Cargo Rocketship,One,,1,,1,,,150.50
gkiwy.wam,Fission Reactor,One,5,2,,1,,,162.00
gkiwy.wam,Solar Panel Array,One,3,,1,,,,37.00
gkiwy.wam,Rover,One,1,1,,,,,7.50
gkiwy.wam,Scouting Drone,One,1,1,1,,,,41.50
gkiwy.wam,Fuel Plant,One,5,,,,,,5.00
gkiwy.wam,Male Engineer,Two,3,,1,1,,,181.00
gkiwy.wam,Female Scientist,Two,2,,,,,,2.00
gkiwy.wam,Ice Mining Rig,One,1,4,,,,,27.00
gkiwy.wam,Male Scientist,Two,3,,,,,,3.00
gkiwy.wam,Inflatable Sleeping Pod,Two,2,,,,,,2.00
gkiwy.wam,Female Engineer,Two,1,,,,,,1.00
gkiwy.wam,Crew Rocketship,Two,1,1,,,,,7.50
ywzh.wam,Inflatable Laboratory,Two,,1,,,,,6.50
ywzh.wam,Female Scientist,Two,4,,,,,,4.00
ywzh.wam,Inflatable Greenhouse,Two,3,,,,2,,933.00
ywzh.wam,Fission Reactor,One,2,,1,,1,,501.00
ywzh.wam,Male Engineer,Two,2,,,,1,,467.00
ywzh.wam,Ice Mining Rig,One,1,2,,,1,,479.00
ywzh.wam,Solar Panel Array,One,,2,1,,1,,512.00
ywzh.wam,Male Scientist,Two,1,,,,,,1.00
ywzh.wam,Inflatable Sleeping Pod,Two,,1,,,,,6.50
ywzh.wam,Cargo Rocketship,One,4,1,,,1,,475.50
ywzh.wam,Female Engineer,Two,2,,,,,,2.00
ywzh.wam,Fuel Plant,One,,,1,,1,,499.00
ywzh.wam,ZFT League of Martians,Community Patch,,,,,,,0.00
ywzh.wam,3D Printing Robot,Two,4,,,,1,,469.00
ywzh.wam,Scouting Drone,One,,3,,,1,,484.50
ywzh.wam,Crew Rocketship,Two,3,1,,,,,9.50
ywzh.wam,Rover,One,2,2,,,1,,480.00
rexd1st13312,Fission Reactor,One,,,,,1,,465.00
rexd1st13312,Female Engineer,Two,,,,,1,,465.00
rexd1st13312,Scouting Drone,One,,,,,1,,465.00
rexd1st13312,Ice Mining Rig,One,,,,,1,,465.00
rexd1st13312,Fuel Plant,One,,,,,1,,465.00
rexd1st13312,Crew Rocketship,Two,,,,,1,,465.00
rexd1st13312,Solar Panel Array,One,,,,,1,,465.00
rexd1st13312,3D Printing Robot,Two,,,,,1,,465.00
rexd1st13312,Male Engineer,Two,,,,,1,,465.00
rexd1st13312,Female Scientist,Two,,,,,1,,465.00
rexd1st13312,Rover,One,,,,,1,,465.00
rexd1st13312,ZFT League of Martians,Community Patch,,,,,,,0.00
rexd1st13312,Cargo Rocketship,One,,,,,3,,1395.00
rexd1st13312,Male Scientist,Two,,,,,1,,465.00
rexd1st13312,Inflatable Laboratory,Two,,,,,1,,465.00
rexd1st13312,Inflatable Greenhouse,Two,,,,,1,,465.00
rexd1st13312,Inflatable Sleeping Pod,Two,,,,,1,,465.00
nhawu.wam,ZFT League of Martians,Community Patch,,,,,,,0.00
nhawu.wam,Solar Panel Array,One,,,,,8,,3720.00
nhawu.wam,Scouting Drone,One,,,,,3,,1395.00
nhawu.wam,Cargo Rocketship,One,,,,,3,,1395.00
nhawu.wam,Fuel Plant,One,,,,,3,,1395.00
nhawu.wam,Inflatable Greenhouse,Two,,,,,2,,930.00
nhawu.wam,Male Engineer,Two,,,,,1,,465.00
ezyh2.wam,Female Engineer,Two,1,1,1,1,1,,650.50
ezyh2.wam,ZFT League of Martians,Community Patch,,,,,,,0.00
ezyh2.wam,Fuel Plant,One,1,1,1,1,2,,1115.50
ezyh2.wam,Solar Panel Array,One,3,2,1,3,2,,1412.00
ezyh2.wam,3D Printing Robot,Two,1,1,2,1,2,,1149.50
ezyh2.wam,Male Engineer,Two,1,2,1,1,1,,657.00
ezyh2.wam,Crew Rocketship,Two,1,1,2,1,2,,1149.50
ezyh2.wam,Cargo Rocketship,One,1,1,1,3,4,,2333.50
ezyh2.wam,Rover,One,1,2,1,1,1,,657.00
ezyh2.wam,Female Scientist,Two,1,1,1,2,1,,794.50
ezyh2.wam,Ice Mining Rig,One,7,1,1,1,1,,656.50
ezyh2.wam,Inflatable Laboratory,Two,1,1,1,2,2,,1259.50
ezyh2.wam,Male Scientist,Two,1,1,1,1,1,,650.50
ezyh2.wam,Inflatable Sleeping Pod,Two,1,1,1,1,1,,650.50
ezyh2.wam,Fission Reactor,One,1,1,1,1,1,,650.50
ezyh2.wam,Scouting Drone,One,1,1,1,1,1,,650.50
ezyh2.wam,Inflatable Greenhouse,Two,1,1,1,7,2,,1979.50
utwfy.wam,Inflatable Sleeping Pod,Two,,,,1,,,144.00
utwfy.wam,ZFT League of Martians,Community Patch,,,,,,,0.00
utwfy.wam,Fuel Plant,One,,,,,1,,465.00
utwfy.wam,Crew Rocketship,Two,,,,1,,,144.00
utwfy.wam,Inflatable Greenhouse,Two,,,,1,,,144.00
utwfy.wam,Female Engineer,Two,,,,1,,,144.00
utwfy.wam,Male Scientist,Two,,,,1,1,,609.00
utwfy.wam,Female Scientist,Two,,,,1,,,144.00
utwfy.wam,Inflatable Laboratory,Two,,,,1,,,144.00
utwfy.wam,Ice Mining Rig,One,,,,,1,,465.00
utwfy.wam,3D Printing Robot,Two,,,,1,,,144.00
utwfy.wam,Male Engineer,Two,,,,1,,,144.00
bs3h2.wam,Fuel Plant,One,3,,1,,4,,1897.00
bs3h2.wam,Ice Mining Rig,One,1,,2,,1,,534.00
bs3h2.wam,Crew Rocketship,Two,,1,,1,1,,615.50
bs3h2.wam,ZFT League of Martians,Community Patch,,,,,,,0.00
bs3h2.wam,Inflatable Sleeping Pod,Two,,1,1,,1,,505.50
bs3h2.wam,Female Engineer,Two,1,1,3,1,1,,718.50
bs3h2.wam,Cargo Rocketship,One,2,1,1,2,2,,1260.50
bs3h2.wam,Solar Panel Array,One,2,,1,,1,,501.00
bs3h2.wam,Female Scientist,Two,,1,2,,1,,539.50
bs3h2.wam,Inflatable Greenhouse,Two,,1,,,1,,471.50
bs3h2.wam,Scouting Drone,One,1,,,,1,,466.00
bs3h2.wam,Fission Reactor,One,2,,,,1,,467.00
bs3h2.wam,Rover,One,2,1,1,1,1,,651.50
bs3h2.wam,Male Engineer,Two,,1,2,,1,,539.50
bs3h2.wam,3D Printing Robot,Two,,,1,,1,,499.00
bs3h2.wam,Male Scientist,Two,1,,,,1,,466.00
bs3h2.wam,Inflatable Laboratory,Two,,1,,,1,,471.50
pjzx.wam,3D Printing Robot,Two,2,4,2,,2,,1026.00
pjzx.wam,Male Scientist,Two,1,4,4,1,2,,1237.00
pjzx.wam,Scouting Drone,One,,,,,2,,930.00
pjzx.wam,Male Engineer,Two,,4,1,1,2,,1134.00
pjzx.wam,Cargo Rocketship,One,,,,,2,,930.00
pjzx.wam,Fuel Plant,One,,,,,2,,930.00
pjzx.wam,ZFT League of Martians,Community Patch,,,,,,,0.00
pjzx.wam,Female Engineer,Two,,5,,2,2,,1250.50
pjzx.wam,Female Scientist,Two,1,4,3,,2,,1059.00
pjzx.wam,Rover,One,,,,,2,,930.00
pjzx.wam,Fission Reactor,One,,,,,2,,930.00
pjzx.wam,Solar Panel Array,One,,,,,2,,930.00
pjzx.wam,Ice Mining Rig,One,,,,,2,,930.00
pjzx.wam,Inflatable Greenhouse,Two,,,2,,2,,998.00
pjzx.wam,Inflatable Sleeping Pod,Two,,5,3,1,2,,1208.50
pjzx.wam,Inflatable Laboratory,Two,2,4,3,,2,,1060.00
pjzx.wam,Crew Rocketship,Two,1,5,2,,2,,1031.50
xeax4.wam,Female Engineer,Two,,,,,1,,465.00
xeax4.wam,Inflatable Sleeping Pod,Two,,,,,1,,465.00
xeax4.wam,Scouting Drone,One,,,,,1,,465.00
xeax4.wam,Female Scientist,Two,,,,,2,,930.00
xeax4.wam,3D Printing Robot,Two,,,,,2,,930.00
xeax4.wam,Solar Panel Array,One,,,,,3,,1395.00
xeax4.wam,Inflatable Laboratory,Two,,,,,1,,465.00
xeax4.wam,Fission Reactor,One,,,,,2,,930.00
xeax4.wam,Male Scientist,Two,,,,,1,,465.00
xeax4.wam,ZFT League of Martians,Community Patch,,,,,,,0.00
xeax4.wam,Rover,One,,,,,1,,465.00
xeax4.wam,Cargo Rocketship,One,,,,,1,,465.00
xeax4.wam,Inflatable Greenhouse,Two,,,,,2,,930.00
xeax4.wam,Ice Mining Rig,One,,,,,2,,930.00
xeax4.wam,Male Engineer,Two,,,,,1,,465.00
xeax4.wam,Fuel Plant,One,,,,,1,,465.00
xeax4.wam,Crew Rocketship,Two,,,,,1,,465.00
5bqx2.wam,Cargo Rocketship,One,,,,,1,,465.00
5bqx2.wam,ZFT League of Martians,Community Patch,,,,,,,0.00
lj.fa.wam,Solar Panel Array,One,,,,,1,,465.00
lj.fa.wam,Ice Mining Rig,One,,,,,1,,465.00
lj.fa.wam,ZFT League of Martians,Community Patch,,,,,,,0.00
lj.fa.wam,Rover,One,,,,,1,,465.00
lj.fa.wam,Cargo Rocketship,One,,,,,1,,465.00
lsugy.wam,Female Engineer,Two,,,,,1,,465.00
lsugy.wam,ZFT League of Martians,Community Patch,,,,,,,0.00
lsugy.wam,Solar Panel Array,One,,2,,,,,13.00
lsugy.wam,Inflatable Laboratory,Two,,,,2,,,288.00
lsugy.wam,Fuel Plant,One,,1,,,,,6.50
lsugy.wam,Crew Rocketship,Two,,,1,,1,,499.00
lsugy.wam,3D Printing Robot,Two,,1,,,1,,471.50
lsugy.wam,Fission Reactor,One,,1,,,,,6.50
lsugy.wam,Cargo Rocketship,One,,2,,,,,13.00
lsugy.wam,Scouting Drone,One,,1,1,,1,,505.50
lsugy.wam,Ice Mining Rig,One,,1,,,1,,471.50
lsugy.wam,Female Scientist,Two,,,,,1,,465.00
lsugy.wam,Inflatable Greenhouse,Two,,,,,1,,465.00
n2sh4.wam,Cargo Rocketship,One,,,,,1,,465.00
n2sh4.wam,ZFT League of Martians,Community Patch,,,,,,,0.00
5poh.wam,Solar Panel Array,One,,,,,5,,2325.00
5poh.wam,Fuel Plant,One,,,,,4,,1860.00
5poh.wam,Cargo Rocketship,One,,,,,1,,465.00
5poh.wam,Inflatable Greenhouse,Two,,,,,1,,465.00
5poh.wam,ZFT League of Martians,Community Patch,,,,,,,0.00
aefwinenmars,Inflatable Laboratory,Two,,,,,1,,465.00
aefwinenmars,ZFT League of Martians,Community Patch,,,,,,,0.00
aefwinenmars,Cargo Rocketship,One,,,1,,,,34.00
aefwinenmars,3D Printing Robot,Two,,,,,1,,465.00
aefwinenmars,Male Engineer,Two,,,,,1,,465.00
aefwinenmars,Female Engineer,Two,,,,,1,,465.00
aefwinenmars,Male Scientist,Two,,,,,1,,465.00
aefwinenmars,Female Scientist,Two,,,,,1,,465.00
aefwinenmars,Inflatable Greenhouse,Two,,,,,1,,465.00
aefwinenmars,Crew Rocketship,Two,,,,,1,,465.00
waugw.wam,Solar Panel Array,One,,,,,1,,465.00
waugw.wam,Scouting Drone,One,,,,1,,,144.00
waugw.wam,Fuel Plant,One,,,,,1,,465.00
waugw.wam,Inflatable Greenhouse,Two,,,,,1,,465.00
waugw.wam,ZFT League of Martians,Community Patch,,,,,,,0.00
waugw.wam,Rover,One,,,,,1,,465.00
waugw.wam,Fission Reactor,One,,,,,1,,465.00
waugw.wam,Cargo Rocketship,One,,,,,1,,465.00
hannielasher,Fuel Plant,One,,,,1,1,,609.00
hannielasher,Male Engineer,Two,,1,2,2,1,,827.50
hannielasher,Scouting Drone,One,,,,1,1,,609.00
hannielasher,Ice Mining Rig,One,,,,1,1,,609.00
hannielasher,Fission Reactor,One,,,1,1,1,,643.00
hannielasher,Female Engineer,Two,1,,2,1,1,,678.00
hannielasher,Inflatable Laboratory,Two,,,2,1,1,,677.00
hannielasher,Crew Rocketship,Two,,2,2,1,1,,690.00
hannielasher,3D Printing Robot,Two,,2,,1,1,,622.00
hannielasher,Solar Panel Array,One,,,1,1,1,,643.00
hannielasher,Inflatable Greenhouse,Two,,,1,1,1,,643.00
hannielasher,Rover,One,,,1,1,1,,643.00
hannielasher,Female Scientist,Two,,1,3,1,1,,717.50
hannielasher,Cargo Rocketship,One,,,1,1,1,,643.00
hannielasher,Male Scientist,Two,,1,1,1,1,,649.50
hannielasher,ZFT League of Martians,Community Patch,,,,,,,0.00
hannielasher,Inflatable Sleeping Pod,Two,,2,1,1,1,,656.00
fueg2.wam,Fuel Plant,One,,,,,1,,465.00
fueg2.wam,Female Engineer,Two,,2,2,,,,81.00
fueg2.wam,Inflatable Laboratory,Two,1,1,2,,,,75.50
fueg2.wam,Crew Rocketship,Two,1,1,1,,,,41.50
fueg2.wam,3D Printing Robot,Two,1,,,,,,1.00
fueg2.wam,Male Scientist,Two,,1,1,,,,40.50
fueg2.wam,Female Scientist,Two,1,,1,,,,35.00
fueg2.wam,ZFT League of Martians,Community Patch,,,,,,,0.00
fueg2.wam,Inflatable Sleeping Pod,Two,,,2,,,,68.00
fueg2.wam,Male Engineer,Two,,1,,,,,6.50
fueg2.wam,Inflatable Greenhouse,Two,1,,,,,,1.00
fueg2.wam,Cargo Rocketship,One,,,,,1,,465.00
jmax.wam,Solar Panel Array,One,,,,4,2,,1506.00
jmax.wam,Cargo Rocketship,One,,,,,2,,930.00
jmax.wam,ZFT League of Martians,Community Patch,,,,,,,0.00
ivfgy.wam,Scouting Drone Six,Two,,,,,,1,0.00
ivfgy.wam,ZFT League of Martians,Community Patch,,,,,,,0.00
.43fw.wam,Crew Rocketship,Two,,,,,1,,465.00
.43fw.wam,ZFT League of Martians,Community Patch,,,,,,,0.00
.43fw.wam,Solar Panel Array,One,,,,,1,,465.00
.43fw.wam,Scouting Drone,One,,,,,1,,465.00
.43fw.wam,Inflatable Laboratory,Two,,,,,1,,465.00
.43fw.wam,Inflatable Greenhouse,Two,,,1,,1,,499.00
.43fw.wam,Fission Reactor,One,,,,,1,,465.00
.43fw.wam,3D Printing Robot,Two,,,,,1,,465.00
.43fw.wam,Female Scientist,Two,,,,,1,,465.00
.43fw.wam,Inflatable Sleeping Pod,Two,,,,,1,,465.00
.43fw.wam,Cargo Rocketship,One,,,,,1,,465.00
.43fw.wam,Fuel Plant,One,,,,,1,,465.00
.43fw.wam,Male Engineer,Two,,,,,1,,465.00
.43fw.wam,Female Engineer,Two,,,,1,1,,609.00
.43fw.wam,Male Scientist,Two,,,,,1,,465.00
.43fw.wam,Rover,One,,,,,1,,465.00
.43fw.wam,Ice Mining Rig,One,,,,,1,,465.00
c.uha.wam,Crew Rocketship,Two,,,,1,,,144.00
c.uha.wam,ZFT League of Martians,Community Patch,,,,,,,0.00
c.uha.wam,Fuel Plant,One,,,,,3,,1395.00
ynruk.wam,Fission Reactor,One,,,,1,5,,2469.00
ynruk.wam,Scouting Drone,One,,,,,2,,930.00
ynruk.wam,ZFT League of Martians,Community Patch,,,,,,,0.00
ynruk.wam,Fuel Plant,One,,,,,8,,3720.00
ynruk.wam,Ice Mining Rig,One,,,,,6,,2790.00
d21d4.wam,Solar Panel Array,One,,,,,1,,465.00
d21d4.wam,Scouting Drone,One,,,,,1,,465.00
d21d4.wam,Fuel Plant,One,,,,,1,,465.00
d21d4.wam,Inflatable Greenhouse,Two,,,,,1,,465.00
d21d4.wam,ZFT League of Martians,Community Patch,,,,,,,0.00
d21d4.wam,Rover,One,,,,,1,,465.00
d21d4.wam,Fission Reactor,One,,,,,1,,465.00
d21d4.wam,Cargo Rocketship,One,,,,,1,,465.00
wdah.wam,Fission Reactor,One,1,2,2,,1,,547.00
wdah.wam,Female Scientist,Two,4,,,,,,4.00
wdah.wam,Crew Rocketship,Two,2,1,,1,,,152.50
wdah.wam,Male Engineer,Two,1,2,,,,,14.00
wdah.wam,Ice Mining Rig,One,,,,1,,,144.00
wdah.wam,Fuel Plant,One,,,,1,1,,609.00
wdah.wam,Female Engineer,Two,4,,1,1,,,182.00
wdah.wam,Scouting Drone,One,3,1,,1,2,,1083.50
wdah.wam,Solar Panel Array,One,3,3,,,2,,952.50
wdah.wam,Inflatable Laboratory,Two,1,2,1,,,,48.00
wdah.wam,Inflatable Greenhouse,Two,2,2,,,,,15.00
wdah.wam,ZFT League of Martians,Community Patch,,,,,,,0.00
wdah.wam,Cargo Rocketship,One,,2,1,,,,47.00
wdah.wam,Male Scientist,Two,1,2,1,,,,48.00
wdah.wam,Rover,One,2,2,1,1,1,,658.00
wdah.wam,Inflatable Sleeping Pod,Two,1,,1,,,,35.00
wdah.wam,3D Printing Robot,Two,,,1,,,,34.00
undisclosed1,Fuel Plant,One,,,,4,1,,1041.00
undisclosed1,Inflatable Greenhouse,Two,,,,3,,,432.00
undisclosed1,Scouting Drone,One,,,,,1,,465.00
undisclosed1,ZFT League of Martians,Community Patch,,,,,,,0.00
undisclosed1,Cargo Rocketship,One,,,,,1,,465.00
undisclosed1,Solar Panel Array,One,,,,,1,,465.00
btgxa.wam,Rover,One,,1,,,,,6.50
btgxa.wam,Scouting Drone,One,,1,,,,,6.50
btgxa.wam,3D Printing Robot,Two,,1,,,,,6.50
btgxa.wam,Female Scientist,Two,1,1,,,,,7.50
btgxa.wam,Inflatable Greenhouse,Two,,1,,,,,6.50
btgxa.wam,Ice Mining Rig,One,,1,,,,,6.50
btgxa.wam,Inflatable Laboratory,Two,,1,,,,,6.50
btgxa.wam,Inflatable Sleeping Pod,Two,,1,,,,,6.50
btgxa.wam,Cargo Rocketship,One,,1,,,1,,471.50
btgxa.wam,Solar Panel Array,One,,1,,,,,6.50
btgxa.wam,Fuel Plant,One,,1,,,,,6.50
btgxa.wam,Crew Rocketship,Two,,1,,,,,6.50
btgxa.wam,Fission Reactor,One,,1,,,,,6.50
btgxa.wam,Male Engineer,Two,,1,,,,,6.50
btgxa.wam,Female Engineer,Two,,1,,,,,6.50
btgxa.wam,Male Scientist,Two,,1,,,,,6.50
btgxa.wam,ZFT League of Martians,Community Patch,,,,,,,0.00
11agaglrmg51,3D Printing Robot,Two,,,,1,,,144.00
11agaglrmg51,Male Engineer,Two,,,,1,,,144.00
11agaglrmg51,Inflatable Greenhouse,Two,,,,1,,,144.00
11agaglrmg51,ZFT League of Martians,Community Patch,,,,,,,0.00
joshwaxanchr,Cargo Rocketship,One,,,,,1,,465.00
joshwaxanchr,Solar Panel Array,One,,,,1,,,144.00
joshwaxanchr,Fuel Plant,One,,,,,1,,465.00
joshwaxanchr,ZFT League of Martians,Community Patch,,,,,,,0.00
2x3rm.wam,Scouting Drone Seven,Two,,,,,,1,0.00
2x3rm.wam,ZFT League of Martians,Community Patch,,,,,,,0.00
marbzsalvado,Ice Mining Rig,One,,,,,1,,465.00
marbzsalvado,Male Engineer,Two,,,,,1,,465.00
marbzsalvado,ZFT League of Martians,Community Patch,,,,,,,0.00
marbzsalvado,Rover,One,,,,,1,,465.00
marbzsalvado,Scouting Drone,One,,,,,1,,465.00
marbzsalvado,Female Scientist,Two,,,,,1,,465.00
marbzsalvado,Inflatable Laboratory,Two,,,,,1,,465.00
marbzsalvado,Inflatable Greenhouse,Two,,,,,1,,465.00
marbzsalvado,Solar Panel Array,One,,,,,1,,465.00
marbzsalvado,Fuel Plant,One,,,,,1,,465.00
marbzsalvado,Crew Rocketship,Two,,,,,1,,465.00
marbzsalvado,Female Engineer,Two,,,,,1,,465.00
marbzsalvado,Male Scientist,Two,,,,,1,,465.00
marbzsalvado,Inflatable Sleeping Pod,Two,,,,,1,,465.00
marbzsalvado,Fission Reactor,One,,,,,1,,465.00
marbzsalvado,Cargo Rocketship,One,,,,,1,,465.00
g2pba.wam,ZFT League of Martians,Community Patch,,,,,,,0.00
g2pba.wam,Scouting Drone Eight,Two,,,,,,1,0.00
cs5eq.wam,Ice Mining Rig,One,,,,,1,,465.00
cs5eq.wam,Fuel Plant,One,,,,,1,,465.00
cs5eq.wam,Female Engineer,Two,1,1,,,,,7.50
cs5eq.wam,Male Scientist,Two,,1,,,,,6.50
cs5eq.wam,Inflatable Sleeping Pod,Two,,1,,1,,,150.50
cs5eq.wam,Fission Reactor,One,,,,,1,,465.00
cs5eq.wam,Cargo Rocketship,One,,,,,1,,465.00
cs5eq.wam,Solar Panel Array,One,,,,,1,,465.00
cs5eq.wam,ZFT League of Martians,Community Patch,,,,,,,0.00
cs5eq.wam,Inflatable Greenhouse,Two,,1,,,1,,471.50
cs5eq.wam,Rover,One,,,,,1,,465.00
cs5eq.wam,Scouting Drone,One,,,,,1,,465.00
cs5eq.wam,Inflatable Laboratory,Two,,1,,,,,6.50
oogfw.wam,Cargo Rocketship,One,,3,1,,2,,983.50
oogfw.wam,Ice Mining Rig,One,,3,1,,1,,518.50
oogfw.wam,Rover,One,1,2,,,2,,944.00
oogfw.wam,Solar Panel Array,One,,2,1,,,,47.00
oogfw.wam,Scouting Drone,One,,1,2,,,,74.50
oogfw.wam,Fuel Plant,One,,2,,,2,,943.00
oogfw.wam,ZFT League of Martians,Community Patch,,,,,,,0.00
oogfw.wam,Fission Reactor,One,,2,1,,4,,1907.00
q.ng2.wam,Fuel Plant,One,,1,1,1,,,184.50
q.ng2.wam,ZFT League of Martians,Community Patch,,,,,,,0.00
q.ng2.wam,Cargo Rocketship,One,,,1,1,,,178.00
q.ng2.wam,Crew Rocketship,Two,,,4,1,,,280.00
q.ng2.wam,Inflatable Laboratory,Two,,,3,1,,,246.00
q.ng2.wam,Male Engineer,Two,1,,,2,,,289.00
q.ng2.wam,Ice Mining Rig,One,,,1,1,,,178.00
q.ng2.wam,Male Scientist,Two,,1,1,1,,,184.50
q.ng2.wam,Female Engineer,Two,1,3,,1,,,164.50
q.ng2.wam,Inflatable Greenhouse,Two,,2,2,1,,,225.00
q.ng2.wam,3D Printing Robot,Two,,,2,1,,,212.00
q.ng2.wam,Scouting Drone,One,,1,1,1,,,184.50
q.ng2.wam,Rover,One,,,1,1,,,178.00
q.ng2.wam,Fission Reactor,One,,1,1,1,,,184.50
q.ng2.wam,Inflatable Sleeping Pod,Two,,3,,1,,,163.50
q.ng2.wam,Female Scientist,Two,1,1,1,1,1,,650.50
q.ng2.wam,Solar Panel Array,One,,,1,1,,,178.00
lelouchlampe,Cargo Rocketship,One,3,1,,,,,9.50
lelouchlampe,Solar Panel Array,One,2,1,,,,,8.50
lelouchlampe,Female Engineer,Two,,,1,,,,34.00
lelouchlampe,ZFT League of Martians,Community Patch,,,,,,,0.00
lelouchlampe,Rover,One,,1,,,,,6.50
lelouchlampe,Fuel Plant,One,,4,,,,,26.00
lelouchlampe,Scouting Drone,One,3,3,,,,,22.50
lelouchlampe,Ice Mining Rig,One,3,2,,,,,16.00
lelouchlampe,Fission Reactor,One,,2,,,,,13.00
lelouchlampe,Inflatable Greenhouse,Two,,,,,1,,465.00
michaeldpwax,ZFT League of Martians,Community Patch,,,,,,,0.00
michaeldpwax,Rover,One,,,,,1,,465.00
michaeldpwax,Crew Rocketship,Two,,,,,1,,465.00
michaeldpwax,3D Printing Robot,Two,,,,,1,,465.00
michaeldpwax,Male Engineer,Two,,,,,1,,465.00
michaeldpwax,Female Engineer,Two,,,,,1,,465.00
michaeldpwax,Male Scientist,Two,,,,,1,,465.00
michaeldpwax,Fission Reactor,One,,,,,1,,465.00
michaeldpwax,Scouting Drone,One,,,,,1,,465.00
michaeldpwax,Ice Mining Rig,One,,,,,1,,465.00
michaeldpwax,Female Scientist,Two,,,,,1,,465.00
michaeldpwax,Inflatable Laboratory,Two,,,,1,1,,609.00
michaeldpwax,Inflatable Greenhouse,Two,,,,,3,,1395.00
michaeldpwax,Cargo Rocketship,One,,,,,1,,465.00
michaeldpwax,Inflatable Sleeping Pod,Two,,,,,1,,465.00
michaeldpwax,Solar Panel Array,One,,,,,1,,465.00
michaeldpwax,Fuel Plant,One,,,,,1,,465.00
ghgxa.wam,Fuel Plant,One,,,,1,,,144.00
ghgxa.wam,Inflatable Greenhouse,Two,,,,,1,,465.00
ghgxa.wam,ZFT League of Martians,Community Patch,,,,,,,0.00
ghgxa.wam,Cargo Rocketship,One,,,,1,,,144.00
ghgxa.wam,Solar Panel Array,One,,,,1,1,,609.00
3yzhc.wam,Rover,One,,,,,1,,465.00
3yzhc.wam,Fission Reactor,One,,,,,1,,465.00
3yzhc.wam,Cargo Rocketship,One,,,,,1,,465.00
3yzhc.wam,Solar Panel Array,One,,,,,1,,465.00
3yzhc.wam,Scouting Drone,One,,,,,1,,465.00
3yzhc.wam,Ice Mining Rig,One,,,,,1,,465.00
3yzhc.wam,Fuel Plant,One,,,,,1,,465.00
3yzhc.wam,ZFT League of Martians,Community Patch,,,,,,,0.00
zf.xc.wam,Cargo Rocketship,One,,,,,2,,930.00
zf.xc.wam,Fuel Plant,One,,,,,1,,465.00
zf.xc.wam,ZFT League of Martians,Community Patch,,,,,,,0.00
widx.wam,Fission Reactor,One,,,,,2,,930.00
widx.wam,Crew Rocketship,Two,,,,,1,,465.00
widx.wam,Male Engineer,Two,,,,,1,,465.00
widx.wam,Cargo Rocketship,One,,,,,4,,1860.00
widx.wam,Fuel Plant,One,,,,,4,,1860.00
widx.wam,Scouting Drone,One,,,,,4,,1860.00
widx.wam,Solar Panel Array,One,,,,,4,,1860.00
widx.wam,Inflatable Greenhouse,Two,,,,,1,,465.00
widx.wam,Female Engineer,Two,,,,,1,,465.00
widx.wam,3D Printing Robot,Two,,,,,1,,465.00
widx.wam,Male Scientist,Two,,,,,1,,465.00
widx.wam,Inflatable Laboratory,Two,,,,,1,,465.00
widx.wam,Inflatable Sleeping Pod,Two,,,,,1,,465.00
widx.wam,ZFT League of Martians,Community Patch,,,,,,,0.00
widx.wam,Rover,One,,,,,2,,930.00
widx.wam,Ice Mining Rig,One,,,,,2,,930.00
widx.wam,Female Scientist,Two,,,,,1,,465.00
kcaxa.wam,Inflatable Greenhouse,Two,1,1,,1,,,151.50
kcaxa.wam,Female Engineer,Two,,1,,,3,,1401.50
kcaxa.wam,Crew Rocketship,Two,2,1,1,,,,42.50
kcaxa.wam,Female Scientist,Two,,2,,,2,,943.00
kcaxa.wam,Inflatable Laboratory,Two,,,1,,2,,964.00
kcaxa.wam,3D Printing Robot,Two,,,1,1,1,,643.00
kcaxa.wam,Male Scientist,Two,,1,2,,,,74.50
kcaxa.wam,Male Engineer,Two,1,,,1,1,,610.00
kcaxa.wam,Inflatable Sleeping Pod,Two,,1,1,,,,40.50
kcaxa.wam,ZFT League of Martians,Community Patch,,,,,,,0.00
.gqfi.wam,Solar Panel Array,One,,,,,2,,930.00
.gqfi.wam,Crew Rocketship,Two,,,,1,,,144.00
.gqfi.wam,Fuel Plant,One,,,,1,1,,609.00
.gqfi.wam,3D Printing Robot,Two,,,,1,,,144.00
.gqfi.wam,Male Scientist,Two,,,,1,,,144.00
.gqfi.wam,Inflatable Laboratory,Two,,,,1,,,144.00
.gqfi.wam,Rover,One,,,,1,,,144.00
.gqfi.wam,Scouting Drone,One,,,,1,1,,609.00
.gqfi.wam,Ice Mining Rig,One,,,,,1,,465.00
.gqfi.wam,Inflatable Greenhouse,Two,,,,1,,,144.00
.gqfi.wam,Inflatable Sleeping Pod,Two,,,,1,,,144.00
.gqfi.wam,ZFT League of Martians,Community Patch,,,,,,,0.00
.gqfi.wam,Fission Reactor,One,,,,,1,,465.00
.gqfi.wam,Cargo Rocketship,One,,,,,2,,930.00
.gqfi.wam,Female Scientist,Two,,,,1,,,144.00
jekhc.wam,Solar Panel Array,One,,2,,1,7,,3412.00
jekhc.wam,Inflatable Sleeping Pod,Two,3,,1,,1,,502.00
jekhc.wam,Scouting Drone,One,1,1,,1,1,,616.50
jekhc.wam,Cargo Rocketship,One,1,,,,1,,466.00
f5ufi.wam,3D Printing Robot,Two,,2,,,,,13.00
f5ufi.wam,Male Scientist,Two,,1,2,,,,74.50
f5ufi.wam,Female Scientist,Two,1,,,,,,1.00
f5ufi.wam,ZFT League of Martians,Community Patch,,,,,,,0.00
f5ufi.wam,Inflatable Greenhouse,Two,,2,,,,,13.00
f5ufi.wam,Male Engineer,Two,1,1,1,,,,41.50
f5ufi.wam,Female Engineer,Two,,1,1,,,,40.50
f5ufi.wam,Inflatable Sleeping Pod,Two,,1,,,,,6.50
f5ufi.wam,Solar Panel Array,One,,,,,1,,465.00
f5ufi.wam,Crew Rocketship,Two,1,,,,,,1.00
f5ufi.wam,Inflatable Laboratory,Two,1,,2,,,,69.00
245w2.wam,ZFT League of Martians,Community Patch,,,,,,,0.00
245w2.wam,Fission Reactor,One,,,,,1,,465.00
245w2.wam,Cargo Rocketship,One,,,,,1,,465.00
245w2.wam,Ice Mining Rig,One,,,,,1,,465.00
245w2.wam,Female Engineer,Two,1,,,,,,1.00
5gvuo.wam,Rover,One,,,,,1,,465.00
5gvuo.wam,ZFT League of Martians,Community Patch,,,,,,,0.00
ecostar12345,Inflatable Sleeping Pod,Two,,,,,1,,465.00
ecostar12345,Fission Reactor,One,,,,,1,,465.00
ecostar12345,Scouting Drone,One,,,,,1,,465.00
ecostar12345,Inflatable Greenhouse,Two,,,,,2,,930.00
ecostar12345,Inflatable Laboratory,Two,,,,,1,,465.00
ecostar12345,Male Scientist,Two,,,,,1,,465.00
ecostar12345,Cargo Rocketship,One,,,,,2,,930.00
ecostar12345,3D Printing Robot,Two,,,,,1,,465.00
ecostar12345,Male Engineer,Two,,,,,1,,465.00
ecostar12345,Female Scientist,Two,,,,,1,,465.00
ecostar12345,Ice Mining Rig,One,,,,,1,,465.00
ecostar12345,Crew Rocketship,Two,,,,,1,,465.00
ecostar12345,Female Engineer,Two,,,,,1,,465.00
ecostar12345,ZFT League of Martians,Community Patch,,,,,,,0.00
ecostar12345,Rover,One,,,,,1,,465.00
ecostar12345,Solar Panel Array,One,,,,,12,,5580.00
ecostar12345,Fuel Plant,One,,,,,1,,465.00
yw2bc.wam,Scouting Drone,One,,,,,2,,930.00
yw2bc.wam,3D Printing Robot,Two,,,,,1,,465.00
yw2bc.wam,Male Engineer,Two,,,,,1,,465.00
yw2bc.wam,Fission Reactor,One,,,,,2,,930.00
yw2bc.wam,Fuel Plant,One,,,,,1,,465.00
yw2bc.wam,Crew Rocketship,Two,,,,,1,,465.00
yw2bc.wam,Female Scientist,Two,,,,,1,,465.00
yw2bc.wam,Inflatable Laboratory,Two,,,,,1,,465.00
yw2bc.wam,Inflatable Greenhouse,Two,,,,,1,,465.00
yw2bc.wam,Ice Mining Rig,One,,,,,1,,465.00
yw2bc.wam,Inflatable Sleeping Pod,Two,,,,,1,,465.00
yw2bc.wam,ZFT League of Martians,Community Patch,,,,,,,0.00
yw2bc.wam,Rover,One,,,,,1,,465.00
yw2bc.wam,Cargo Rocketship,One,,,,,1,,465.00
yw2bc.wam,Solar Panel Array,One,,,,,1,,465.00
arduy.wam,Scouting Drone,One,4,2,,,1,,482.00
arduy.wam,Fuel Plant,One,,1,1,,4,,1900.50
arduy.wam,Fission Reactor,One,,3,,,1,,484.50
arduy.wam,Male Engineer,Two,,,,,1,,465.00
arduy.wam,Female Engineer,Two,,,,,1,,465.00
arduy.wam,Rover,One,1,1,1,,1,,506.50
arduy.wam,Solar Panel Array,One,3,,,,1,,468.00
arduy.wam,Cargo Rocketship,One,2,,1,,1,,501.00
arduy.wam,Ice Mining Rig,One,,,,,1,,465.00
arduy.wam,ZFT League of Martians,Community Patch,,,,,,,0.00
qxqbc.wam,Fission Reactor,One,,,,,1,,465.00
qxqbc.wam,Cargo Rocketship,One,,,,,1,,465.00
qxqbc.wam,Scouting Drone,One,,,,,1,,465.00
qxqbc.wam,Ice Mining Rig,One,,,,,1,,465.00
qxqbc.wam,Fuel Plant,One,,,,,1,,465.00
qxqbc.wam,Female Engineer,Two,,,,,1,,465.00
qxqbc.wam,ZFT League of Martians,Community Patch,,,,,,,0.00
qxqbc.wam,Rover,One,,,,,1,,465.00
mx.g2.wam,Rover,One,,,,,1,,465.00
mx.g2.wam,Solar Panel Array,One,,,,,1,,465.00
mx.g2.wam,Fuel Plant,One,,,,,1,,465.00
mx.g2.wam,Male Engineer,Two,,,,,1,,465.00
mx.g2.wam,ZFT League of Martians,Community Patch,,,,,,,0.00
1bngi.wam,Fission Reactor,One,,,,,1,,465.00
1bngi.wam,ZFT League of Martians,Community Patch,,,,,,,0.00
nftjayson132,Scouting Drone,One,,,,,1,,465.00
nftjayson132,Fuel Plant,One,,,,,1,,465.00
nftjayson132,ZFT League of Martians,Community Patch,,,,,,,0.00
oibvo.wam,ZFT League of Martians,Community Patch,,,,,,,0.00
vfhxc.wam,Fission Reactor,One,,1,3,,2,,1038.50
vfhxc.wam,Male Engineer,Two,1,1,,,1,,472.50
vfhxc.wam,3D Printing Robot,Two,5,,,,1,,470.00
vfhxc.wam,Solar Panel Array,One,1,1,4,,2,,1073.50
vfhxc.wam,Inflatable Greenhouse,Two,4,2,,,1,,482.00
vfhxc.wam,Scouting Drone,One,3,3,4,,2,,1088.50
vfhxc.wam,Fuel Plant,One,3,,,,2,,933.00
vfhxc.wam,Male Scientist,Two,3,,,,1,,468.00
vfhxc.wam,Inflatable Laboratory,Two,5,,,,1,,470.00
vfhxc.wam,Female Engineer,Two,5,3,,,,,24.50
vfhxc.wam,Inflatable Sleeping Pod,Two,4,1,,,1,,475.50
vfhxc.wam,Cargo Rocketship,One,,3,3,,2,,1051.50
vfhxc.wam,Crew Rocketship,Two,3,,,,,,3.00
vfhxc.wam,ZFT League of Martians,Community Patch,,,,,,,0.00
vfhxc.wam,Female Scientist,Two,,1,,,1,,471.50
vfhxc.wam,Ice Mining Rig,One,5,4,2,,1,,564.00
vfhxc.wam,Rover,One,,4,3,,1,,593.00
idbwk.wam,Fuel Plant,One,,,,1,,,144.00
idbwk.wam,3D Printing Robot,Two,,,,1,,,144.00
idbwk.wam,Cargo Rocketship,One,,,,1,,,144.00
idbwk.wam,Crew Rocketship,Two,,,,1,,,144.00
idbwk.wam,Inflatable Laboratory,Two,,,,1,,,144.00
idbwk.wam,Rover,One,,,,1,,,144.00
idbwk.wam,Scouting Drone,One,,,,1,,,144.00
idbwk.wam,Male Engineer,Two,,,,1,1,,609.00
idbwk.wam,Male Scientist,Two,,,,1,,,144.00
idbwk.wam,Inflatable Greenhouse,Two,,,,1,,,144.00
idbwk.wam,ZFT League of Martians,Community Patch,,,,,,,0.00
idbwk.wam,Solar Panel Array,One,,,,1,,,144.00
idbwk.wam,Female Scientist,Two,,,,1,,,144.00
idbwk.wam,Female Engineer,Two,,,,1,1,,609.00
2hrgq.wam,Inflatable Greenhouse,Two,,,,,2,,930.00
2hrgq.wam,Female Scientist,Two,,,,1,,,144.00
2hrgq.wam,Inflatable Laboratory,Two,,,,,1,,465.00
2hrgq.wam,ZFT League of Martians,Community Patch,,,,,,,0.00
2hrgq.wam,Rover,One,,,,,1,,465.00
2hrgq.wam,Fuel Plant,One,,,,,2,,930.00
2hrgq.wam,Solar Panel Array,One,,,,,1,,465.00
2hrgq.wam,Ice Mining Rig,One,,,,,1,,465.00
2hrgq.wam,Male Engineer,Two,,,,,1,,465.00
2hrgq.wam,Cargo Rocketship,One,,,,,1,,465.00
rqdh.wam,ZFT League of Martians,Community Patch,,,,,,,0.00
cbjfs.wam,Female Engineer,Two,,,,1,,,144.00
cbjfs.wam,Rover,One,,3,1,1,,,197.50
cbjfs.wam,Ice Mining Rig,One,,3,1,1,,,197.50
cbjfs.wam,Fuel Plant,One,3,2,3,,1,,583.00
cbjfs.wam,Fission Reactor,One,,2,,2,1,,766.00
cbjfs.wam,Solar Panel Array,One,,2,,,2,,943.00
cbjfs.wam,ZFT League of Martians,Community Patch,,,,,,,0.00
cbjfs.wam,Cargo Rocketship,One,2,1,,1,,,152.50
cbjfs.wam,Scouting Drone,One,,1,,,1,,471.50
cbjfs.wam,Female Scientist,Two,,,,1,,,144.00
nrkxc.wam,Crew Rocketship,Two,,,,,3,,1395.00
nrkxc.wam,Inflatable Sleeping Pod,Two,,,,,3,,1395.00
nrkxc.wam,Male Scientist,Two,,,,,3,,1395.00
nrkxc.wam,Female Engineer,Two,,,,,4,,1860.00
nrkxc.wam,Fuel Plant,One,,,,,4,,1860.00
nrkxc.wam,3D Printing Robot,Two,,,,,3,,1395.00
nrkxc.wam,Male Engineer,Two,,,,,3,,1395.00
nrkxc.wam,Inflatable Greenhouse,Two,,,,,3,,1395.00
nrkxc.wam,ZFT League of Martians,Community Patch,,,,,,,0.00
nrkxc.wam,Solar Panel Array,One,,,,,6,,2790.00
nrkxc.wam,Ice Mining Rig,One,,,,,4,,1860.00
nrkxc.wam,Fission Reactor,One,,,,,4,,1860.00
nrkxc.wam,Rover,One,,,,,4,,1860.00
nrkxc.wam,Scouting Drone,One,,,,,4,,1860.00
nrkxc.wam,Inflatable Laboratory,Two,,,,,3,,1395.00
nrkxc.wam,Female Scientist,Two,,,,,3,,1395.00
nrkxc.wam,Cargo Rocketship,One,,,,,5,,2325.00
3..h4.wam,Rover,One,,,1,,,,34.00
3..h4.wam,3D Printing Robot,Two,1,,,,,,1.00
3..h4.wam,Female Engineer,Two,1,,,,,,1.00
3..h4.wam,Male Scientist,Two,,1,,,,,6.50
3..h4.wam,Fission Reactor,One,,1,,,,,6.50
3..h4.wam,Cargo Rocketship,One,,,1,,,,34.00
3..h4.wam,Solar Panel Array,One,,,1,,,,34.00
3..h4.wam,Scouting Drone,One,,,,1,,,144.00
3..h4.wam,Ice Mining Rig,One,,,,,1,,465.00
3..h4.wam,Fuel Plant,One,,,,,1,,465.00
3..h4.wam,Inflatable Laboratory,Two,,1,,,,,6.50
3..h4.wam,Inflatable Greenhouse,Two,,1,,,,,6.50
3..h4.wam,ZFT League of Martians,Community Patch,,,,,,,0.00
cwrew.wam,Fission Reactor,One,,,,,1,,465.00
cwrew.wam,3D Printing Robot,Two,,,,,1,,465.00
cwrew.wam,ZFT League of Martians,Community Patch,,,,,,,0.00
cwrew.wam,Male Engineer,Two,,,,,1,,465.00
cwrew.wam,Inflatable Sleeping Pod,Two,,,,,1,,465.00
cwrew.wam,Cargo Rocketship,One,,,,,1,,465.00
cwrew.wam,Scouting Drone,One,,,,,1,,465.00
cwrew.wam,Fuel Plant,One,,,,,1,,465.00
cwrew.wam,Crew Rocketship,Two,,,,,1,,465.00
cwrew.wam,Female Engineer,Two,,,,,1,,465.00
cwrew.wam,Male Scientist,Two,,,,,1,,465.00
cwrew.wam,Female Scientist,Two,,,,,1,,465.00
cwrew.wam,Rover,One,,,,,1,,465.00
cwrew.wam,Solar Panel Array,One,,,,,1,,465.00
cwrew.wam,Ice Mining Rig,One,,,,1,1,,609.00
cwrew.wam,Inflatable Laboratory,Two,,,,,1,,465.00
cwrew.wam,Inflatable Greenhouse,Two,,,,,1,,465.00
.rags.wam,Solar Panel Array,One,,,,,2,,930.00
.rags.wam,Fission Reactor,One,,,,,1,,465.00
.rags.wam,Cargo Rocketship,One,,,,,1,,465.00
.rags.wam,Rover,One,,,,,1,,465.00
.rags.wam,Ice Mining Rig,One,,,,,1,,465.00
.rags.wam,ZFT League of Martians,Community Patch,,,,,,,0.00
3putk.wam,Female Engineer,Two,,2,,,,,13.00
3putk.wam,Male Scientist,Two,2,,,,,,2.00
3putk.wam,Scouting Drone,One,,,1,,,,34.00
3putk.wam,Cargo Rocketship,One,,,,,1,,465.00
3putk.wam,Fission Reactor,One,,,1,,,,34.00
3putk.wam,Inflatable Laboratory,Two,,2,,,,,13.00
3putk.wam,Rover,One,,,2,,,,68.00
3putk.wam,Ice Mining Rig,One,,1,,,,,6.50
3putk.wam,Fuel Plant,One,,,,,1,,465.00
3putk.wam,3D Printing Robot,Two,1,,,,,,1.00
3putk.wam,Inflatable Greenhouse,Two,,1,,,,,6.50
3putk.wam,ZFT League of Martians,Community Patch,,,,,,,0.00
3putk.wam,Solar Panel Array,One,,,1,,,,34.00
5nuxa.wam,3D Printing Robot,Two,1,,,,,,1.00
5nuxa.wam,Male Engineer,Two,1,,,,,,1.00
5nuxa.wam,Male Scientist,Two,1,,,,,,1.00
5nuxa.wam,Female Scientist,Two,1,,,1,,,145.00
5nuxa.wam,Inflatable Greenhouse,Two,1,,,,,,1.00
5nuxa.wam,ZFT League of Martians,Community Patch,,,,,,,0.00
5nuxa.wam,Cargo Rocketship,One,,,,,1,,465.00
5nuxa.wam,Crew Rocketship,Two,2,,,1,,,146.00
5nuxa.wam,Inflatable Sleeping Pod,Two,2,,,1,1,,611.00
feahe.wam,Cargo Rocketship,One,2,1,1,1,2,,1116.50
feahe.wam,Scouting Drone,One,2,2,,,,,15.00
feahe.wam,Fuel Plant,One,1,,1,1,2,,1109.00
feahe.wam,Solar Panel Array,One,,1,,,1,,471.50
feahe.wam,Ice Mining Rig,One,1,2,,,,,14.00
feahe.wam,Female Engineer,Two,,1,,,,,6.50
feahe.wam,Crew Rocketship,Two,,1,,,,,6.50
feahe.wam,Female Scientist,Two,,1,,,,,6.50
feahe.wam,Inflatable Laboratory,Two,,1,,,,,6.50
feahe.wam,Fission Reactor,One,,1,1,,,,40.50
feahe.wam,Inflatable Sleeping Pod,Two,,1,,,,,6.50
feahe.wam,ZFT League of Martians,Community Patch,,,,,,,0.00
feahe.wam,Rover,One,1,,1,1,,,179.00
feahe.wam,Inflatable Greenhouse,Two,,2,,,,,13.00
feahe.wam,3D Printing Robot,Two,,1,,,,,6.50
feahe.wam,Male Engineer,Two,,1,,,,,6.50
feahe.wam,Male Scientist,Two,,1,,,,,6.50
1teampayaman,Solar Panel Array Fourteen,Two,,,,,,1,0.00
1teampayaman,ZFT League of Martians,Community Patch,,,,,,,0.00
vsobi.wam,Male Engineer,Two,,,1,,,,34.00
vsobi.wam,ZFT League of Martians,Community Patch,,,,,,,0.00
vsobi.wam,Female Scientist,Two,,1,2,,,,74.50
vsobi.wam,Inflatable Sleeping Pod,Two,,2,2,,,,81.00
vsobi.wam,3D Printing Robot,Two,1,1,,,,,7.50
vsobi.wam,Female Engineer,Two,,1,,,,,6.50
vsobi.wam,Inflatable Laboratory,Two,,1,1,,,,40.50
vsobi.wam,Inflatable Greenhouse,Two,1,,,,,,1.00
vsobi.wam,Fuel Plant,One,,,1,,1,,499.00
vsobi.wam,Crew Rocketship,Two,1,1,2,,,,75.50
vsobi.wam,Male Scientist,Two,,1,2,,,,74.50
mi1xg.wam,Male Engineer,Two,,,,1,,,144.00
mi1xg.wam,Inflatable Greenhouse,Two,1,,,,,,1.00
mi1xg.wam,ZFT League of Martians,Community Patch,,,,,,,0.00
mi1xg.wam,Cargo Rocketship,One,,,,1,,,144.00
mi1xg.wam,Fuel Plant,One,,,,1,,,144.00
mi1xg.wam,Rover,One,,,,1,,,144.00
mi1xg.wam,Female Engineer,Two,1,,,,,,1.00
mi1xg.wam,Ice Mining Rig,One,,,,1,,,144.00
mi1xg.wam,Inflatable Sleeping Pod,Two,1,,,,,,1.00
mi1xg.wam,Fission Reactor,One,,,,1,,,144.00
mi1xg.wam,Solar Panel Array,One,,,,1,,,144.00
mi1xg.wam,3D Printing Robot,Two,,,,1,,,144.00
mi1xg.wam,Male Scientist,Two,,,,1,,,144.00
mi1xg.wam,Female Scientist,Two,1,,,,,,1.00
mi1xg.wam,Inflatable Laboratory,Two,1,,,,,,1.00
mi1xg.wam,Scouting Drone,One,,,,1,,,144.00
mi1xg.wam,Crew Rocketship,Two,,,,1,,,144.00
gq3vw.wam,3D Printing Robot,Two,,,,1,,,144.00
gq3vw.wam,Male Engineer,Two,,,,1,,,144.00
gq3vw.wam,Male Scientist,Two,,,,,1,,465.00
gq3vw.wam,Female Scientist,Two,,,,1,,,144.00
gq3vw.wam,Inflatable Sleeping Pod,Two,,,,,1,,465.00
gq3vw.wam,ZFT League of Martians,Community Patch,,,,,,,0.00
gq3vw.wam,Crew Rocketship,Two,,,,,1,,465.00
gq3vw.wam,Inflatable Laboratory,Two,,,,1,2,,1074.00
w5dgk.wam,Inflatable Greenhouse,Two,1,,1,,1,,500.00
w5dgk.wam,Fuel Plant,One,6,2,1,,1,,518.00
w5dgk.wam,Scouting Drone,One,4,5,1,1,1,,679.50
w5dgk.wam,Inflatable Sleeping Pod,Two,3,2,,,,,16.00
w5dgk.wam,Fission Reactor,One,2,3,,,,,21.50
w5dgk.wam,Cargo Rocketship,One,2,2,,1,1,,624.00
w5dgk.wam,Inflatable Laboratory,Two,3,1,,,,,9.50
w5dgk.wam,Male Scientist,Two,1,,,,,,1.00
w5dgk.wam,Female Scientist,Two,1,,,,,,1.00
w5dgk.wam,Male Engineer,Two,2,,,,,,2.00
w5dgk.wam,ZFT League of Martians,Community Patch,,,,,,,0.00
w5dgk.wam,Female Engineer,Two,1,,,,,,1.00
w5dgk.wam,Ice Mining Rig,One,7,4,1,,,,67.00
w5dgk.wam,Rover,One,6,3,2,1,,,237.50
w5dgk.wam,Solar Panel Array,One,3,2,1,,,,50.00
w5dgk.wam,Crew Rocketship,Two,2,,,,,,2.00
w5dgk.wam,3D Printing Robot,Two,1,2,,,,,14.00
rr2eo.wam,Cargo Rocketship,One,,,,1,1,,609.00
rr2eo.wam,ZFT League of Martians,Community Patch,,,,,,,0.00
ulbx4.wam,ZFT League of Martians,Community Patch,,,,,,,0.00
ulbx4.wam,Solar Panel Array,One,,,,,1,,465.00
ulbx4.wam,Inflatable Greenhouse,Two,,,,,1,,465.00
euqws.wam,Cargo Rocketship,One,4,1,,1,1,,619.50
euqws.wam,Fuel Plant,One,4,1,1,,,,44.50
euqws.wam,Ice Mining Rig,One,2,4,1,,,,62.00
euqws.wam,Rover,One,4,3,,,,,23.50
euqws.wam,Fission Reactor,One,3,4,1,,,,63.00
euqws.wam,Male Engineer,Two,,,,,1,,465.00
euqws.wam,Female Engineer,Two,,,,,1,,465.00
euqws.wam,ZFT League of Martians,Community Patch,,,,,,,0.00
euqws.wam,Scouting Drone,One,,4,2,,1,,559.00
euqws.wam,Solar Panel Array,One,3,1,,1,2,,1083.50
euqws.wam,Inflatable Sleeping Pod,Two,,,,,1,,465.00
a.cxi.wam,Cargo Rocketship,One,2,1,,,5,,2333.50
a.cxi.wam,Ice Mining Rig,One,,3,,2,1,,772.50
a.cxi.wam,ZFT League of Martians,Community Patch,,,,,,,0.00
a.cxi.wam,Solar Panel Array,One,5,1,,,1,,476.50
a.cxi.wam,Rover,One,4,,1,,1,,503.00
a.cxi.wam,Scouting Drone,One,,4,,,1,,491.00
a.cxi.wam,Fuel Plant,One,,,,2,1,,753.00
a.cxi.wam,Fission Reactor,One,,1,1,,1,,505.50
a.cxi.wam,Inflatable Greenhouse,Two,,,,,1,,465.00
hm4hg.wam,Scouting Drone,One,,1,,,2,,936.50
hm4hg.wam,3D Printing Robot,Two,,,,,1,,465.00
hm4hg.wam,Rover,One,,,,1,1,,609.00
hm4hg.wam,Inflatable Sleeping Pod,Two,,,,,1,,465.00
hm4hg.wam,Ice Mining Rig,One,,,,,1,,465.00
hm4hg.wam,Fuel Plant,One,,,,,1,,465.00
hm4hg.wam,Crew Rocketship,Two,,,,,1,,465.00
hm4hg.wam,Male Scientist,Two,,,,,1,,465.00
hm4hg.wam,Inflatable Laboratory,Two,,,,,1,,465.00
hm4hg.wam,Solar Panel Array,One,,,1,,2,,964.00
hm4hg.wam,Cargo Rocketship,One,,,,,2,,930.00
hm4hg.wam,Female Engineer,Two,,,,,1,,465.00
hm4hg.wam,Female Scientist,Two,,,,,1,,465.00
hm4hg.wam,Fission Reactor,One,,,,,1,,465.00
hm4hg.wam,Male Engineer,Two,,,,,1,,465.00
hm4hg.wam,Inflatable Greenhouse,Two,,,,,1,,465.00
hm4hg.wam,ZFT League of Martians,Community Patch,,,,,,,0.00
.5zxg.wam,3D Printing Robot,Two,,,,1,,,144.00
.5zxg.wam,ZFT League of Martians,Community Patch,,,,,,,0.00
.5zxg.wam,Cargo Rocketship,One,,,,,4,,1860.00
.5zxg.wam,Fuel Plant,One,,,,,4,,1860.00
.5zxg.wam,Solar Panel Array,One,,,,,1,,465.00
k5vgo.wam,Fuel Plant,One,,,1,,3,,1429.00
k5vgo.wam,Solar Panel Array,One,,,,,1,,465.00
k5vgo.wam,Scouting Drone,One,,,,,1,,465.00
k5vgo.wam,3D Printing Robot,Two,1,,,,,,1.00
k5vgo.wam,Male Engineer,Two,,,,1,,,144.00
k5vgo.wam,Inflatable Greenhouse,Two,,1,4,,,,142.50
k5vgo.wam,Ice Mining Rig,One,,,,,1,,465.00
k5vgo.wam,Inflatable Laboratory,Two,,,,1,,,144.00
k5vgo.wam,Rover,One,,,,,1,,465.00
k5vgo.wam,ZFT League of Martians,Community Patch,,,,,,,0.00
k5vgo.wam,Cargo Rocketship,One,,1,,,1,,471.50
sbefw.wam,Solar Panel Array,One,,,,,1,,465.00
sbefw.wam,ZFT League of Martians,Community Patch,,,,,,,0.00
sbefw.wam,Cargo Rocketship,One,,,,,1,,465.00
tqlxi.wam,Solar Panel Array,One,,,,,1,,465.00
tqlxi.wam,Scouting Drone,One,,1,,1,1,,615.50
tqlxi.wam,ZFT League of Martians,Community Patch,,,,,,,0.00
tqlxi.wam,Rover,One,,,,,1,,465.00
tqlxi.wam,Fuel Plant,One,,,,,2,,930.00
tqlxi.wam,Fission Reactor,One,,,,,1,,465.00
tqlxi.wam,Cargo Rocketship,One,,,,,1,,465.00
fsxxg.wam,Rover,One,1,1,1,3,1,,938.50
fsxxg.wam,Fuel Plant,One,1,1,2,3,2,,1437.50
fsxxg.wam,ZFT League of Martians,Community Patch,,,,,,,0.00
fsxxg.wam,Solar Panel Array,One,7,1,3,4,3,,2086.50
fsxxg.wam,Inflatable Laboratory,Two,3,5,2,1,1,,712.50
fsxxg.wam,Ice Mining Rig,One,3,4,3,4,2,,1637.00
fsxxg.wam,Female Scientist,Two,3,1,1,1,,,187.50
fsxxg.wam,3D Printing Robot,Two,5,5,1,1,,,215.50
fsxxg.wam,Female Engineer,Two,4,3,1,1,1,,666.50
fsxxg.wam,Male Engineer,Two,1,3,1,1,,,198.50
fsxxg.wam,Fission Reactor,One,2,4,3,1,3,,1669.00
fsxxg.wam,Scouting Drone,One,1,4,4,2,1,,916.00
fsxxg.wam,Crew Rocketship,Two,2,3,1,1,1,,664.50
fsxxg.wam,Inflatable Sleeping Pod,Two,4,3,1,1,,,201.50
fsxxg.wam,Inflatable Greenhouse,Two,1,4,1,1,1,,670.00
fsxxg.wam,Cargo Rocketship,One,3,2,4,2,2,,1370.00
fsxxg.wam,Male Scientist,Two,2,3,1,1,1,,664.50
yadxi.wam,Inflatable Sleeping Pod,Two,,,,,1,,465.00
yadxi.wam,Fission Reactor,One,,,,,1,,465.00
yadxi.wam,3D Printing Robot,Two,1,,,,1,,466.00
yadxi.wam,Male Engineer,Two,,,,,1,,465.00
yadxi.wam,Fuel Plant,One,,,,,1,,465.00
yadxi.wam,Female Engineer,Two,1,,,1,1,,610.00
yadxi.wam,Rover,One,,,,,1,,465.00
yadxi.wam,ZFT League of Martians,Community Patch,,,,,,,0.00
yadxi.wam,Cargo Rocketship,One,,,,,1,,465.00
yadxi.wam,Solar Panel Array,One,,,,,1,,465.00
yadxi.wam,Female Scientist,Two,1,3,2,,1,,553.50
yadxi.wam,Inflatable Laboratory,Two,1,1,,,2,,937.50
yadxi.wam,Inflatable Greenhouse,Two,3,1,,,,,9.50
yadxi.wam,Ice Mining Rig,One,,,,,1,,465.00
yadxi.wam,Crew Rocketship,Two,4,,1,,,,38.00
yadxi.wam,Male Scientist,Two,1,,,,1,,466.00
.33he.wam,Inflatable Laboratory,Two,4,1,1,2,1,,797.50
.33he.wam,Female Scientist,Two,2,4,,2,1,,781.00
.33he.wam,Rover,One,3,1,1,1,1,,652.50
.33he.wam,Cargo Rocketship,One,2,2,1,1,2,,1123.00
.33he.wam,Female Engineer,Two,1,1,1,1,1,,650.50
.33he.wam,Male Engineer,Two,1,2,1,1,1,,657.00
.33he.wam,ZFT League of Martians,Community Patch,,,,,,,0.00
.33he.wam,Ice Mining Rig,One,5,1,1,1,2,,1119.50
.33he.wam,Scouting Drone,One,3,5,,2,2,,1253.50
.33he.wam,Inflatable Greenhouse,Two,4,4,3,1,1,,741.00
.33he.wam,Male Scientist,Two,3,4,,2,1,,782.00
.33he.wam,Fuel Plant,One,,,2,1,1,,677.00
.33he.wam,Inflatable Sleeping Pod,Two,1,4,1,,1,,526.00
.33he.wam,Solar Panel Array,One,3,1,1,,2,,973.50
.33he.wam,Crew Rocketship,Two,2,3,2,,1,,554.50
.33he.wam,3D Printing Robot,Two,1,2,2,,1,,547.00
.33he.wam,Fission Reactor,One,4,4,2,1,2,,1172.00
a.ogm.wam,Fuel Plant,One,,,1,,,,34.00
a.ogm.wam,ZFT League of Martians,Community Patch,,,,,,,0.00
a.ogm.wam,Rover,One,,,1,,,,34.00
a.ogm.wam,Fission Reactor,One,,,1,,,,34.00
a.ogm.wam,Cargo Rocketship,One,,,,1,,,144.00
a.ogm.wam,Solar Panel Array,One,,,1,,,,34.00
hgawq.wam,Cargo Rocketship,One,,,,,3,,1395.00
hgawq.wam,Solar Panel Array,One,,,,,1,,465.00
hgawq.wam,Fuel Plant,One,,,,,1,,465.00
hgawq.wam,Male Engineer,Two,,,,,1,,465.00
hgawq.wam,ZFT League of Martians,Community Patch,,,,,,,0.00
jeathewise21,Fuel Plant,One,,,,,1,,465.00
jeathewise21,Crew Rocketship,Two,,,,,1,,465.00
jeathewise21,Inflatable Greenhouse,Two,,,,,1,,465.00
jeathewise21,ZFT League of Martians,Community Patch,,,,,,,0.00
jeathewise21,Cargo Rocketship,One,,,,,1,,465.00
3ykh4.wam,Female Scientist,Two,,,,,1,,465.00
3ykh4.wam,Inflatable Laboratory,Two,,,,,1,,465.00
3ykh4.wam,ZFT League of Martians,Community Patch,,,,,,,0.00
3ykh4.wam,Cargo Rocketship,One,,,,,1,,465.00
tnagy.wam,Solar Panel Array,One,3,1,2,,,,77.50
tnagy.wam,Rover,One,1,2,2,1,,,226.00
tnagy.wam,ZFT League of Martians,Community Patch,,,,,,,0.00
tnagy.wam,Inflatable Greenhouse,Two,6,1,1,,,,46.50
tnagy.wam,Male Engineer,Two,1,1,1,,,,41.50
tnagy.wam,Inflatable Sleeping Pod,Two,1,1,1,,,,41.50
tnagy.wam,Ice Mining Rig,One,1,1,1,1,,,185.50
tnagy.wam,Fuel Plant,One,1,2,4,1,,,294.00
tnagy.wam,Female Scientist,Two,2,1,1,,,,42.50
tnagy.wam,Inflatable Laboratory,Two,2,1,1,,,,42.50
tnagy.wam,3D Printing Robot,Two,1,1,1,,,,41.50
tnagy.wam,Female Engineer,Two,1,1,1,,,,41.50
tnagy.wam,Male Scientist,Two,1,1,1,,,,41.50
tnagy.wam,Cargo Rocketship,One,1,4,4,1,,,307.00
tnagy.wam,Scouting Drone,One,1,2,2,1,,,226.00
tnagy.wam,Crew Rocketship,Two,1,1,2,,,,75.50
tnagy.wam,Fission Reactor,One,1,1,1,,1,,506.50
mskgs.wam,Male Engineer,Two,,,1,,,,34.00
mskgs.wam,Inflatable Laboratory,Two,,,1,,,,34.00
mskgs.wam,ZFT League of Martians,Community Patch,,,,,,,0.00
mskgs.wam,Rover,One,1,,,,,,1.00
mskgs.wam,Solar Panel Array,One,,1,,,,,6.50
mskgs.wam,Scouting Drone,One,,,,1,,,144.00
mskgs.wam,Ice Mining Rig,One,,,,,1,,465.00
nggxa.wam,Male Scientist,Two,3,,,,,,3.00
nggxa.wam,Female Engineer,Two,1,,,,,,1.00
nggxa.wam,Fission Reactor,One,,,,,1,,465.00
nggxa.wam,Inflatable Greenhouse,Two,4,,,,,,4.00
nggxa.wam,Inflatable Laboratory,Two,2,,,,,,2.00
nggxa.wam,Solar Panel Array,One,,,,1,,,144.00
nggxa.wam,Scouting Drone,One,,,,1,,,144.00
nggxa.wam,Male Engineer,Two,4,1,,,,,10.50
nggxa.wam,3D Printing Robot,Two,2,,,,,,2.00
nggxa.wam,Fuel Plant,One,,,,1,,,144.00
nggxa.wam,Female Scientist,Two,1,,,,,,1.00
nggxa.wam,ZFT League of Martians,Community Patch,,,,,,,0.00
nggxa.wam,Ice Mining Rig,One,,,,1,,,144.00
nggxa.wam,Crew Rocketship,Two,,,,1,,,144.00
nggxa.wam,Inflatable Sleeping Pod,Two,1,,,1,,,145.00
nggxa.wam,Rover,One,,,,,1,,465.00
nggxa.wam,Cargo Rocketship,One,,,,1,,,144.00
heyfo.wam,Cargo Rocketship,One,,,,1,,,144.00
heyfo.wam,Solar Panel Array,One,,,1,1,,,178.00
heyfo.wam,Scouting Drone,One,,,1,,,,34.00
heyfo.wam,Fuel Plant,One,,,1,,1,,499.00
heyfo.wam,Inflatable Greenhouse,Two,,,1,,,,34.00
heyfo.wam,ZFT League of Martians,Community Patch,,,,,,,0.00
pdvxg.wam,Scouting Drone,One,,,,3,,,432.00
pdvxg.wam,Cargo Rocketship,One,,,,,2,,930.00
pdvxg.wam,Solar Panel Array,One,,,,,1,,465.00
pdvxg.wam,Fission Reactor,One,,,,,1,,465.00
pdvxg.wam,Fuel Plant,One,,,,,1,,465.00
pdvxg.wam,ZFT League of Martians,Community Patch,,,,,,,0.00
captawesomel,Female Scientist,Two,,,,1,2,,1074.00
captawesomel,Scouting Drone,One,,,,,1,,465.00
captawesomel,Male Engineer,Two,,,,1,2,,1074.00
captawesomel,Cargo Rocketship,One,,,,,1,,465.00
captawesomel,Solar Panel Array,One,,,,,1,,465.00
captawesomel,Ice Mining Rig,One,,,,,1,,465.00
captawesomel,3D Printing Robot,Two,,,,1,2,,1074.00
captawesomel,Inflatable Greenhouse,Two,,,,1,2,,1074.00
captawesomel,ZFT League of Martians,Community Patch,,,,,,,0.00
captawesomel,Rover,One,,,,,1,,465.00
captawesomel,Fuel Plant,One,,,,,1,,465.00
captawesomel,Inflatable Laboratory,Two,,,,1,2,,1074.00
captawesomel,Inflatable Sleeping Pod,Two,,,,1,2,,1074.00
captawesomel,Male Scientist,Two,,,,1,2,,1074.00
captawesomel,Fission Reactor,One,,,,,1,,465.00
captawesomel,Female Engineer,Two,,,,1,2,,1074.00
captawesomel,Crew Rocketship,Two,,,,1,2,,1074.00
asbhm.wam,Ice Mining Rig,One,,,,,2,,930.00
asbhm.wam,Fuel Plant,One,,,1,,2,,964.00
asbhm.wam,Male Scientist,Two,,,,,2,,930.00
asbhm.wam,3D Printing Robot,Two,,,,,1,,465.00
asbhm.wam,Inflatable Laboratory,Two,,,,,1,,465.00
asbhm.wam,Cargo Rocketship,One,,,,,2,,930.00
asbhm.wam,Male Engineer,Two,,,,,1,,465.00
asbhm.wam,Female Engineer,Two,,,,,1,,465.00
asbhm.wam,ZFT League of Martians,Community Patch,,,,,,,0.00
asbhm.wam,Solar Panel Array,One,,,,,1,,465.00
asbhm.wam,Scouting Drone,One,1,,,,2,,931.00
asbhm.wam,Inflatable Sleeping Pod,Two,,,,,2,,930.00
asbhm.wam,Fission Reactor,One,,,,,1,,465.00
asbhm.wam,Inflatable Greenhouse,Two,,,,,1,,465.00
asbhm.wam,Female Scientist,Two,,,,,3,,1395.00
asbhm.wam,Rover,One,,,,,2,,930.00
asbhm.wam,Crew Rocketship,Two,,,,,2,,930.00
cgbhi.wam,Solar Panel Array,One,,,,1,,,144.00
cgbhi.wam,Ice Mining Rig,One,1,,,,,,1.00
cgbhi.wam,3D Printing Robot,Two,1,,,,,,1.00
cgbhi.wam,Rover,One,1,,,,,,1.00
cgbhi.wam,Scouting Drone,One,1,,,,,,1.00
cgbhi.wam,Crew Rocketship,Two,1,,,,,,1.00
cgbhi.wam,Inflatable Laboratory,Two,1,,,,,,1.00
cgbhi.wam,Inflatable Greenhouse,Two,1,,,1,,,145.00
cgbhi.wam,Female Scientist,Two,1,,,,,,1.00
cgbhi.wam,ZFT League of Martians,Community Patch,,,,,,,0.00
cgbhi.wam,Fission Reactor,One,1,,,,,,1.00
cgbhi.wam,Cargo Rocketship,One,1,,,,1,,466.00
cgbhi.wam,Fuel Plant,One,,,,,1,,465.00
cgbhi.wam,Male Engineer,Two,1,,,,,,1.00
cgbhi.wam,Female Engineer,Two,1,,,,,,1.00
cgbhi.wam,Male Scientist,Two,1,,,,,,1.00
.dlxg.wam,ZFT League of Martians,Community Patch,,,,,,,0.00
ekxho.wam,Scouting Drone,One,,,,,2,,930.00
ekxho.wam,Ice Mining Rig,One,,,,,2,,930.00
ekxho.wam,Rover,One,,,,,2,,930.00
ekxho.wam,3D Printing Robot,Two,,,,,1,,465.00
ekxho.wam,Inflatable Laboratory,Two,,,,,1,,465.00
ekxho.wam,Inflatable Sleeping Pod,Two,,,,,1,,465.00
ekxho.wam,Fuel Plant,One,,,,,3,,1395.00
ekxho.wam,Fission Reactor,One,,,,,2,,930.00
ekxho.wam,Cargo Rocketship,One,,,,,2,,930.00
ekxho.wam,Solar Panel Array,One,,,,,2,,930.00
ekxho.wam,Inflatable Greenhouse,Two,,,,,1,,465.00
ekxho.wam,ZFT League of Martians,Community Patch,,,,,,,0.00
3jpzilla3524,Female Scientist,Two,,,,,3,,1395.00
3jpzilla3524,ZFT League of Martians,Community Patch,,,,,,,0.00
3jpzilla3524,Ice Mining Rig,One,,,,,7,,3255.00
3jpzilla3524,Scouting Drone,One,,,,,6,,2790.00
3jpzilla3524,Inflatable Greenhouse,Two,,,,,3,,1395.00
3jpzilla3524,Inflatable Sleeping Pod,Two,,,,,3,,1395.00
3jpzilla3524,Female Engineer,Two,,,,,3,,1395.00
3jpzilla3524,Fuel Plant,One,,,,,5,,2325.00
3jpzilla3524,3D Printing Robot,Two,,,,,3,,1395.00
3jpzilla3524,Crew Rocketship,Two,,,,,3,,1395.00
3jpzilla3524,Male Engineer,Two,,,,,3,,1395.00
3jpzilla3524,Rover,One,,,,,7,,3255.00
3jpzilla3524,Fission Reactor,One,,,,,6,,2790.00
3jpzilla3524,Inflatable Laboratory,Two,,,,,3,,1395.00
3jpzilla3524,Male Scientist,Two,,,,,3,,1395.00
3jpzilla3524,Solar Panel Array,One,1,,,,70,,32551.00
3jpzilla3524,Cargo Rocketship,One,,,,,5,,2325.00
braho.wam,Fission Reactor,One,,,,,8,,3720.00
braho.wam,Inflatable Laboratory,Two,,,,,2,,930.00
braho.wam,Male Engineer,Two,,,,,1,,465.00
braho.wam,Inflatable Sleeping Pod,Two,,,,,2,,930.00
braho.wam,Cargo Rocketship,One,,,,,8,,3720.00
braho.wam,Female Scientist,Two,,,,,5,,2325.00
braho.wam,3D Printing Robot,Two,,,,,3,,1395.00
braho.wam,Scouting Drone,One,,,,,3,,1395.00
braho.wam,Female Engineer,Two,,,,,1,,465.00
braho.wam,Rover,One,,,,,4,,1860.00
braho.wam,Crew Rocketship,Two,,,,,3,,1395.00
braho.wam,Male Scientist,Two,,,,,3,,1395.00
braho.wam,Inflatable Greenhouse,Two,,,,,3,,1395.00
braho.wam,Solar Panel Array,One,,,,1,7,,3399.00
braho.wam,Ice Mining Rig,One,,,,,6,,2790.00
braho.wam,Fuel Plant,One,,,,,6,,2790.00
braho.wam,ZFT League of Martians,Community Patch,,,,,,,0.00
itsnotsomee4,ZFT League of Martians,Community Patch,,,,,,,0.00
itsnotsomee4,Inflatable Greenhouse,Two,3,2,,1,1,,625.00
itsnotsomee4,Rover,One,3,1,,,1,,474.50
itsnotsomee4,Cargo Rocketship,One,2,1,,,1,,473.50
itsnotsomee4,Fission Reactor,One,2,,,,1,,467.00
itsnotsomee4,Ice Mining Rig,One,1,1,,,1,,472.50
itsnotsomee4,Fuel Plant,One,,3,,3,1,,916.50
itsnotsomee4,Scouting Drone,One,3,1,,,1,,474.50
itsnotsomee4,Solar Panel Array,One,1,2,,,1,,479.00
qx4rm.wam,3D Printing Robot,Two,3,,,,,,3.00
qx4rm.wam,Crew Rocketship,Two,1,,1,,,,35.00
qx4rm.wam,Fission Reactor,One,,1,,1,,,150.50
qx4rm.wam,Male Engineer,Two,3,4,,,,,29.00
qx4rm.wam,Inflatable Sleeping Pod,Two,3,,,,,,3.00
qx4rm.wam,Female Scientist,Two,3,,,,,,3.00
qx4rm.wam,Rover,One,1,,,2,,,289.00
qx4rm.wam,Ice Mining Rig,One,,,,1,,,144.00
qx4rm.wam,Female Engineer,Two,1,,,,,,1.00
qx4rm.wam,Inflatable Laboratory,Two,,1,,,,,6.50
qx4rm.wam,Inflatable Greenhouse,Two,,1,,,,,6.50
qx4rm.wam,Cargo Rocketship,One,1,,,1,,,145.00
qx4rm.wam,Fuel Plant,One,2,,,1,,,146.00
qx4rm.wam,Scouting Drone,One,,1,,1,,,150.50
qx4rm.wam,ZFT League of Martians,Community Patch,,,,,,,0.00
qx4rm.wam,Solar Panel Array,One,,,,1,,,144.00
xrrvg.wam,Rover,One,,,,,1,,465.00
xrrvg.wam,Fission Reactor,One,,1,1,,,,40.50
xrrvg.wam,Solar Panel Array,One,,1,,,,,6.50
xrrvg.wam,Scouting Drone,One,1,,,,,,1.00
xrrvg.wam,Ice Mining Rig,One,,1,,,,,6.50
xrrvg.wam,Fuel Plant,One,,1,,,,,6.50
xrrvg.wam,ZFT League of Martians,Community Patch,,,,,,,0.00
pw5wm.wam,Fission Reactor,One,,,,5,,,720.00
pw5wm.wam,ZFT League of Martians,Community Patch,,,,,,,0.00
pw5wm.wam,Rover,One,,,,7,,,1008.00
pw5wm.wam,Cargo Rocketship,One,,,,5,,,720.00
pw5wm.wam,Solar Panel Array,One,,,,4,1,,1041.00
pw5wm.wam,Scouting Drone,One,,,,1,3,,1539.00
pw5wm.wam,Fuel Plant,One,,,,2,1,,753.00
pw5wm.wam,Male Engineer,Two,,,1,,,,34.00
pw5wm.wam,Inflatable Sleeping Pod,Two,,,,,1,,465.00
le1ho.wam,Solar Panel Array,One,,,,1,,,144.00
le1ho.wam,Scouting Drone,One,,,,1,,,144.00
le1ho.wam,Fuel Plant,One,,,,1,,,144.00
le1ho.wam,Inflatable Greenhouse,Two,,,,1,1,,609.00
le1ho.wam,ZFT League of Martians,Community Patch,,,,,,,0.00
xrsha.wam,Fission Reactor,One,,,,,1,,465.00
xrsha.wam,Ice Mining Rig,One,,,,,1,,465.00
xrsha.wam,Fuel Plant,One,,,,,1,,465.00
xrsha.wam,ZFT League of Martians,Community Patch,,,,,,,0.00
yynri.wam,Cargo Rocketship,One,,,,,8,,3720.00
yynri.wam,Fuel Plant,One,2,3,1,1,1,,664.50
yynri.wam,Inflatable Laboratory,Two,,2,,,,,13.00
yynri.wam,Ice Mining Rig,One,,2,1,1,,,191.00
yynri.wam,Male Scientist,Two,,1,,1,,,150.50
yynri.wam,Rover,One,1,2,,1,,,158.00
yynri.wam,Scouting Drone,One,1,,1,2,1,,788.00
yynri.wam,Solar Panel Array,One,1,1,1,,2,,971.50
yynri.wam,Fission Reactor,One,,1,,1,2,,1080.50
yynri.wam,3D Printing Robot,Two,1,,,1,,,145.00
yynri.wam,Male Engineer,Two,,1,,,,,6.50
yynri.wam,Female Engineer,Two,1,,,,,,1.00
yynri.wam,Female Scientist,Two,1,,,,,,1.00
yynri.wam,ZFT League of Martians,Community Patch,,,,,,,0.00
yynri.wam,Inflatable Sleeping Pod,Two,2,1,1,,,,42.50
yynri.wam,Crew Rocketship,Two,1,1,,1,,,151.50
yynri.wam,Inflatable Greenhouse,Two,,,1,,,,34.00
3bigw.wam,Cargo Rocketship,One,,,1,,,,34.00
3bigw.wam,Solar Panel Array,One,,,1,,,,34.00
3bigw.wam,Ice Mining Rig,One,1,,,,,,1.00
3bigw.wam,Fuel Plant,One,,,1,,,,34.00
3bigw.wam,ZFT League of Martians,Community Patch,,,,,,,0.00
szrho.wam,Ice Mining Rig,One,,,2,,,,68.00
szrho.wam,Fuel Plant,One,,,,,2,,930.00
szrho.wam,Male Scientist,Two,,1,,,,,6.50
szrho.wam,ZFT League of Martians,Community Patch,,,,,,,0.00
sigmajmdj323,Female Engineer,Two,,,,,2,,930.00
sigmajmdj323,Fission Reactor,One,,,,,2,,930.00
sigmajmdj323,Scouting Drone,One,,,,,2,,930.00
sigmajmdj323,Inflatable Greenhouse,Two,,,,,2,,930.00
sigmajmdj323,Male Scientist,Two,,,,,2,,930.00
sigmajmdj323,Inflatable Laboratory,Two,,,,,2,,930.00
sigmajmdj323,Ice Mining Rig,One,,,,,2,,930.00
sigmajmdj323,Fuel Plant,One,,,,,2,,930.00
sigmajmdj323,Crew Rocketship,Two,,,,,2,,930.00
sigmajmdj323,Inflatable Sleeping Pod,Two,,,,,2,,930.00
sigmajmdj323,Rover,One,,,,,2,,930.00
sigmajmdj323,Cargo Rocketship,One,,,,,2,,930.00
sigmajmdj323,Male Engineer,Two,,,,,2,,930.00
sigmajmdj323,Female Scientist,Two,,,,,2,,930.00
sigmajmdj323,ZFT League of Martians,Community Patch,,,,,,,0.00
sigmajmdj323,Solar Panel Array,One,,,,,2,,930.00
sigmajmdj323,3D Printing Robot,Two,,,,,2,,930.00
grkfu.wam,Fission Reactor,One,2,1,1,,1,,507.50
grkfu.wam,Solar Panel Array,One,,2,,,,,13.00
grkfu.wam,Ice Mining Rig,One,,,1,,,,34.00
grkfu.wam,Male Engineer,Two,,1,,,,,6.50
grkfu.wam,Female Engineer,Two,,1,,,,,6.50
grkfu.wam,Female Scientist,Two,1,,,,,,1.00
grkfu.wam,Cargo Rocketship,One,,1,,,,,6.50
grkfu.wam,Scouting Drone,One,,1,1,,,,40.50
grkfu.wam,Fuel Plant,One,1,1,,,,,7.50
grkfu.wam,Male Scientist,Two,1,,,,,,1.00
grkfu.wam,ZFT League of Martians,Community Patch,,,,,,,0.00
grkfu.wam,Rover,One,,,1,1,,,178.00
xkxug.wam,Scouting Drone,One,1,,,,,,1.00
xkxug.wam,Crew Rocketship,Two,1,1,,,,,7.50
xkxug.wam,Inflatable Laboratory,Two,1,,,,,,1.00
xkxug.wam,Inflatable Greenhouse,Two,1,,,,,,1.00
xkxug.wam,ZFT League of Martians,Community Patch,,,,,,,0.00
xkxug.wam,Fission Reactor,One,1,,,,,,1.00
xkxug.wam,Fuel Plant,One,,,,1,,,144.00
xkxug.wam,Female Engineer,Two,1,,,,,,1.00
xkxug.wam,Male Scientist,Two,1,,,,,,1.00
xkxug.wam,Rover,One,1,,,,,,1.00
xkxug.wam,3D Printing Robot,Two,1,,,,,,1.00
xkxug.wam,Female Scientist,Two,1,,,,,,1.00
xkxug.wam,Inflatable Sleeping Pod,Two,1,,,,,,1.00
xkxug.wam,Cargo Rocketship,One,,,,1,1,,609.00
xkxug.wam,Solar Panel Array,One,1,,,,,,1.00
xkxug.wam,Ice Mining Rig,One,1,,,,,,1.00
xkxug.wam,Male Engineer,Two,1,,,1,,,145.00
ppwgw.wam,Inflatable Laboratory,Two,,,2,,,,68.00
ppwgw.wam,Crew Rocketship,Two,,,1,,,,34.00
ppwgw.wam,Female Engineer,Two,,1,,,,,6.50
ppwgw.wam,Inflatable Sleeping Pod,Two,,,1,,,,34.00
ppwgw.wam,Inflatable Greenhouse,Two,,1,2,1,,,218.50
ppwgw.wam,Scouting Drone,One,,,,,1,,465.00
ppwgw.wam,Fuel Plant,One,,,,,1,,465.00
ppwgw.wam,Male Scientist,Two,,1,,1,,,150.50
ppwgw.wam,Rover,One,,1,,,,,6.50
ppwgw.wam,3D Printing Robot,Two,1,,2,,1,,534.00
ppwgw.wam,Solar Panel Array,One,,,,,1,,465.00
ppwgw.wam,Ice Mining Rig,One,,1,,,,,6.50
ppwgw.wam,Male Engineer,Two,,1,1,,1,,505.50
ppwgw.wam,Female Scientist,Two,,1,1,1,,,184.50
ppwgw.wam,ZFT League of Martians,Community Patch,,,,,,,0.00
ppwgw.wam,Fission Reactor,One,,,,,1,,465.00
ppwgw.wam,Cargo Rocketship,One,,,1,,,,34.00
1totoybato12,Fuel Plant,One,1,,1,,3,,1430.00
1totoybato12,Rover,One,2,,,2,2,,1220.00
1totoybato12,Fission Reactor,One,1,1,,,2,,937.50
1totoybato12,Male Scientist,Two,2,1,1,,,,42.50
1totoybato12,Inflatable Greenhouse,Two,,1,,,,,6.50
1totoybato12,Female Scientist,Two,1,,,,1,,466.00
1totoybato12,Male Engineer,Two,3,,,,1,,468.00
1totoybato12,Ice Mining Rig,One,2,,,,2,,932.00
1totoybato12,Crew Rocketship,Two,2,1,,,,,8.50
1totoybato12,3D Printing Robot,Two,2,,,,,,2.00
1totoybato12,Female Engineer,Two,2,,,,1,,467.00
1totoybato12,Inflatable Laboratory,Two,2,,,,1,,467.00
1totoybato12,ZFT League of Martians,Community Patch,,,,,,,0.00
tktf2.wam,Crew Rocketship,Two,,,,1,,,144.00
tktf2.wam,Male Engineer,Two,1,,,,,,1.00
tktf2.wam,ZFT League of Martians,Community Patch,,,,,,,0.00
tktf2.wam,Female Engineer,Two,,3,,,,,19.50
tktf2.wam,Fuel Plant,One,1,,,,2,,931.00
tktf2.wam,Female Scientist,Two,4,,,,,,4.00
tktf2.wam,Scouting Drone,One,,2,,1,1,,622.00
tktf2.wam,Solar Panel Array,One,1,2,,,1,,479.00
tktf2.wam,Ice Mining Rig,One,,,,1,1,,609.00
tktf2.wam,Rover,One,1,,,,1,,466.00
tktf2.wam,Fission Reactor,One,,,1,,1,,499.00
tktf2.wam,Cargo Rocketship,One,5,3,1,1,1,,667.50
tktf2.wam,Inflatable Sleeping Pod,Two,4,2,,,,,17.00
yp2ho.wam,Crew Rocketship,Two,1,,2,,,,69.00
yp2ho.wam,Female Engineer,Two,1,,,,,,1.00
yp2ho.wam,Inflatable Sleeping Pod,Two,,,,,1,,465.00
yp2ho.wam,Rover,One,,,,1,,,144.00
yp2ho.wam,Fission Reactor,One,,,2,,,,68.00
yp2ho.wam,3D Printing Robot,Two,1,,2,,,,69.00
yp2ho.wam,Scouting Drone,One,,,1,,1,,499.00
yp2ho.wam,Male Scientist,Two,,,2,,1,,533.00
yp2ho.wam,Cargo Rocketship,One,,,2,,1,,533.00
yp2ho.wam,Male Engineer,Two,1,,1,,,,35.00
yp2ho.wam,Inflatable Greenhouse,Two,,,,,1,,465.00
yp2ho.wam,Ice Mining Rig,One,,,,1,,,144.00
yp2ho.wam,Solar Panel Array,One,1,,2,,,,69.00
yp2ho.wam,Fuel Plant,One,,,1,,1,,499.00
yp2ho.wam,Female Scientist,Two,,,,,1,,465.00
yp2ho.wam,Inflatable Laboratory,Two,,,,,1,,465.00
yp2ho.wam,ZFT League of Martians,Community Patch,,,,,,,0.00
mlrhm.wam,ZFT League of Martians,Community Patch,,,,,,,0.00
mlrhm.wam,Cargo Rocketship,One,,,,,1,,465.00
mlrhm.wam,Fuel Plant,One,,,,,1,,465.00
lz5he.wam,ZFT League of Martians,Community Patch,,,,,,,0.00
lz5he.wam,Rover,One,,,,,1,,465.00
lz5he.wam,Crew Rocketship,Two,,,,,1,,465.00
lz5he.wam,3D Printing Robot,Two,,,,,1,,465.00
lz5he.wam,Male Scientist,Two,,,,,1,,465.00
lz5he.wam,Female Scientist,Two,,,,,1,,465.00
lz5he.wam,Inflatable Laboratory,Two,,,,,1,,465.00
dt.hg.wam,Solar Panel Array,One,4,1,,,,,10.50
dt.hg.wam,Fission Reactor,One,3,1,,,1,,474.50
dt.hg.wam,Ice Mining Rig,One,1,1,2,,2,,1005.50
dt.hg.wam,Cargo Rocketship,One,1,1,2,,1,,540.50
dt.hg.wam,3D Printing Robot,Two,,1,,,,,6.50
dt.hg.wam,Scouting Drone,One,2,,1,,1,,501.00
dt.hg.wam,Rover,One,,2,,,,,13.00
dt.hg.wam,Fuel Plant,One,,1,,,1,,471.50
dt.hg.wam,Male Scientist,Two,,,,1,1,,609.00
dt.hg.wam,ZFT League of Martians,Community Patch,,,,,,,0.00
d2xxc.wam,ZFT League of Martians,Community Patch,,,,,,,0.00
d2xxc.wam,Cargo Rocketship,One,,,,,1,,465.00
d2xxc.wam,Fuel Plant,One,,,,,1,,465.00
v21hs.wam,Fission Reactor,One,,,,,1,,465.00
v21hs.wam,Scouting Drone,One,,,,,1,,465.00
v21hs.wam,Fuel Plant,One,,1,,1,1,,615.50
v21hs.wam,Male Scientist,Two,,,1,,,,34.00
v21hs.wam,ZFT League of Martians,Community Patch,,,,,,,0.00
m22he.wam,Rover,One,,,,,1,,465.00
m22he.wam,Scouting Drone,One,,,,,1,,465.00
m22he.wam,Fuel Plant,One,,,,,1,,465.00
m22he.wam,ZFT League of Martians,Community Patch,,,,,,,0.00
rocatishmts2,ZFT League of Martians,Community Patch,,,,,,,0.00
rocatishmts2,Solar Panel Array,One,,,,1,5,,2469.00
rocatishmts2,Cargo Rocketship,One,1,,,2,,,289.00
rocatishmts2,Fuel Plant,One,,1,,,,,6.50
rocatishmts2,3D Printing Robot,Two,,1,,,,,6.50
rocatishmts2,Female Scientist,Two,,,1,,,,34.00
hmxge.wam,Cargo Rocketship,One,,,,,1,,465.00
hmxge.wam,Fuel Plant,One,,,,,1,,465.00
hmxge.wam,Inflatable Sleeping Pod,Two,,,1,,,,34.00
hmxge.wam,ZFT League of Martians,Community Patch,,,,,,,0.00
kt1wy.wam,Female Scientist,Two,,,,1,,,144.00
kt1wy.wam,Inflatable Laboratory,Two,,,,,1,,465.00
kt1wy.wam,Inflatable Sleeping Pod,Two,,,1,,,,34.00
kt1wy.wam,ZFT League of Martians,Community Patch,,,,,,,0.00
wmqxs.wam,Cargo Rocketship,One,,,,,1,,465.00
wmqxs.wam,Fuel Plant,One,,,,1,,,144.00
wmqxs.wam,ZFT League of Martians,Community Patch,,,,,,,0.00
shrvyannmari,Crew Rocketship,Two,,,,,1,,465.00
shrvyannmari,ZFT League of Martians,Community Patch,,,,,,,0.00
4joxi.wam,ZFT League of Martians,Community Patch,,,,,,,0.00
4joxi.wam,Solar Panel Array,One,,,,,1,,465.00
4joxi.wam,Fuel Plant,One,,,,,1,,465.00
pymxm.wam,Cargo Rocketship,One,,,,,1,,465.00
pymxm.wam,ZFT League of Martians,Community Patch,,,,,,,0.00
5njgy.wam,ZFT League of Martians,Community Patch,,,,,,,0.00
5njgy.wam,Scouting Drone,One,,,,,1,,465.00
5njgy.wam,3D Printing Robot,Two,,,,1,,,144.00
.bmgy.wam,ZFT League of Martians,Community Patch,,,,,,,0.00
.bmgy.wam,Fuel Plant,One,,,,,1,,465.00
bq1xg.wam,Scouting Drone,One,,,,,1,,465.00
bq1xg.wam,Ice Mining Rig,One,,,,1,,,144.00
bq1xg.wam,ZFT League of Martians,Community Patch,,,,,,,0.00
15qg.wam,Scouting Drone,One,,,,,1,,465.00
15qg.wam,Ice Mining Rig,One,,,,,1,,465.00
15qg.wam,Rover,One,,,,,1,,465.00
15qg.wam,ZFT League of Martians,Community Patch,,,,,,,0.00
15qg.wam,Fuel Plant,One,,,,,5,,2325.00
15qg.wam,Fission Reactor,One,,,,,1,,465.00
15qg.wam,Cargo Rocketship,One,,,,,1,,465.00
15qg.wam,Solar Panel Array,One,,,,,1,,465.00
w1khs.wam,Cargo Rocketship,One,,,,,1,,465.00
w1khs.wam,ZFT League of Martians,Community Patch,,,,,,,0.00
muahm.wam,Ice Mining Rig,One,,,,,14,,6510.00
muahm.wam,Inflatable Laboratory,Two,,,,,10,,4650.00
muahm.wam,Solar Panel Array,One,,,,,5,,2325.00
muahm.wam,Male Engineer,Two,,,,,7,,3255.00
muahm.wam,Male Scientist,Two,,,,,7,,3255.00
muahm.wam,3D Printing Robot,Two,,,,,6,,2790.00
muahm.wam,Inflatable Greenhouse,Two,,,,,8,,3720.00
muahm.wam,ZFT League of Martians,Community Patch,,,,,,,0.00
muahm.wam,Fission Reactor,One,,,,,13,,6045.00
muahm.wam,Fuel Plant,One,,,,,10,,4650.00
muahm.wam,Female Engineer,Two,,,,,9,,4185.00
muahm.wam,Female Scientist,Two,,,,,9,,4185.00
muahm.wam,Crew Rocketship,Two,,,,,8,,3720.00
muahm.wam,Inflatable Sleeping Pod,Two,,,,,8,,3720.00
muahm.wam,Scouting Drone,One,,,,,70,,32550.00
muahm.wam,Cargo Rocketship,One,,,,,12,,5580.00
muahm.wam,Rover,One,,,,,10,,4650.00
4hhhs.wam,Rover,One,2,1,,1,,,152.50
4hhhs.wam,Scouting Drone,One,1,1,1,1,,,185.50
4hhhs.wam,Ice Mining Rig,One,1,1,1,1,,,185.50
4hhhs.wam,Fuel Plant,One,1,1,,1,,,151.50
4hhhs.wam,Female Scientist,Two,,,1,,,,34.00
4hhhs.wam,ZFT League of Martians,Community Patch,,,,,,,0.00
4hhhs.wam,Inflatable Greenhouse,Two,,,2,1,,,212.00
4hhhs.wam,Fission Reactor,One,1,1,,,1,,472.50
4hhhs.wam,Cargo Rocketship,One,1,1,,1,1,,616.50
4hhhs.wam,Solar Panel Array,One,1,1,1,1,,,185.50
venhs.wam,Male Scientist,Two,,,,1,,,144.00
venhs.wam,Female Scientist,Two,,,1,,,,34.00
venhs.wam,Inflatable Greenhouse,Two,,,,1,,,144.00
venhs.wam,Fission Reactor,One,,,1,,,,34.00
venhs.wam,Cargo Rocketship,One,,,,1,,,144.00
venhs.wam,Male Engineer,Two,,,1,,,,34.00
venhs.wam,ZFT League of Martians,Community Patch,,,,,,,0.00
venhs.wam,Rover,One,,,1,,,,34.00
venhs.wam,Solar Panel Array,One,,,1,,,,34.00
venhs.wam,Inflatable Sleeping Pod,Two,,,,1,,,144.00
venhs.wam,Crew Rocketship,Two,,,,,1,,465.00
venhs.wam,Inflatable Laboratory,Two,,,,1,,,144.00
venhs.wam,Scouting Drone,One,,,1,1,,,178.00
venhs.wam,Ice Mining Rig,One,,,1,,,,34.00
venhs.wam,Fuel Plant,One,,,1,,,,34.00
venhs.wam,3D Printing Robot,Two,,,,1,,,144.00
venhs.wam,Female Engineer,Two,,,1,,,,34.00
lbwhk.wam,Male Scientist,Two,2,,2,,,,70.00
lbwhk.wam,ZFT League of Martians,Community Patch,,,,,,,0.00
lbwhk.wam,Fuel Plant,One,12,4,2,,,,106.00
lbwhk.wam,Solar Panel Array,One,10,1,2,3,3,,1911.50
lbwhk.wam,Inflatable Sleeping Pod,Two,1,,1,,,,35.00
lbwhk.wam,Rover,One,16,4,2,,,,110.00
lbwhk.wam,Fission Reactor,One,14,2,2,,1,,560.00
lbwhk.wam,Scouting Drone,One,13,3,1,2,,,354.50
lbwhk.wam,Ice Mining Rig,One,12,4,1,,,,72.00
lbwhk.wam,Crew Rocketship,Two,1,,1,,,,35.00
lbwhk.wam,3D Printing Robot,Two,1,,1,,,,35.00
lbwhk.wam,Inflatable Greenhouse,Two,1,,1,,,,35.00
lbwhk.wam,Cargo Rocketship,One,13,2,2,,,,94.00
lbwhk.wam,Male Engineer,Two,1,,2,1,,,213.00
lbwhk.wam,Female Engineer,Two,1,,2,,,,69.00
lbwhk.wam,Female Scientist,Two,1,,2,,,,69.00
lbwhk.wam,Inflatable Laboratory,Two,1,,1,,,,35.00
.zwfc.wam,Fission Reactor,One,,,,,1,,465.00
.zwfc.wam,Cargo Rocketship,One,,,,,1,,465.00
.zwfc.wam,Fuel Plant,One,,,1,,,,34.00
.zwfc.wam,Inflatable Greenhouse,Two,,,1,,,,34.00
.zwfc.wam,ZFT League of Martians,Community Patch,,,,,,,0.00
wnzhs.wam,Cargo Rocketship,One,,,,,1,,465.00
wnzhs.wam,Solar Panel Array,One,,,,,1,,465.00
wnzhs.wam,Scouting Drone,One,,,,,1,,465.00
wnzhs.wam,Fuel Plant,One,,,,,1,,465.00
wnzhs.wam,Inflatable Greenhouse,Two,,,,,1,,465.00
wnzhs.wam,ZFT League of Martians,Community Patch,,,,,,,0.00
wnzhs.wam,Rover,One,,,1,,,,34.00
z4gxs.wam,Scouting Drone,One,2,,1,,,,36.00
z4gxs.wam,Rover,One,2,,,1,,,146.00
z4gxs.wam,ZFT League of Martians,Community Patch,,,,,,,0.00
z4gxs.wam,Fission Reactor,One,,1,,,1,,471.50
z4gxs.wam,Ice Mining Rig,One,4,2,,,,,17.00
z4gxs.wam,Cargo Rocketship,One,,1,2,,,,74.50
z4gxs.wam,Solar Panel Array,One,1,1,1,,,,41.50
z4gxs.wam,Fuel Plant,One,1,1,,,,,7.50
z4gxs.wam,Female Scientist,Two,,,,,1,,465.00
z4gxs.wam,Inflatable Greenhouse,Two,,,,1,,,144.00
hjhvw.wam,Solar Panel Array,One,4,2,1,,,,51.00
hjhvw.wam,Rover,One,3,2,1,,,,50.00
hjhvw.wam,Male Engineer,Two,1,3,1,,,,54.50
hjhvw.wam,ZFT League of Martians,Community Patch,,,,,,,0.00
hjhvw.wam,Female Engineer,Two,1,1,1,,,,41.50
hjhvw.wam,Guardians of Mars,Community Patch,,,,,,,0.00
hjhvw.wam,Female Scientist,Two,1,1,1,,,,41.50
hjhvw.wam,Crew Rocketship,Two,2,5,1,,,,68.50
hjhvw.wam,Inflatable Laboratory,Two,3,1,1,,1,,508.50
hjhvw.wam,Scouting Drone,One,3,2,1,,,,50.00
hjhvw.wam,Inflatable Greenhouse,Two,2,2,1,,,,49.00
hjhvw.wam,Inflatable Sleeping Pod,Two,2,1,1,,,,42.50
hjhvw.wam,Male Scientist,Two,1,1,1,,,,41.50
hjhvw.wam,3D Printing Robot,Two,2,4,1,,,,62.00
hjhvw.wam,Fuel Plant,One,3,2,1,,,,50.00
hjhvw.wam,Ice Mining Rig,One,3,2,1,,,,50.00
hjhvw.wam,Cargo Rocketship,One,3,2,1,,,,50.00
hjhvw.wam,Fission Reactor,One,3,2,1,,,,50.00
c.3ri.wam,Rover,One,2,,,,,,2.00
c.3ri.wam,ZFT League of Martians,Community Patch,,,,,,,0.00
c.3ri.wam,Fission Reactor,One,1,,,,,,1.00
c.3ri.wam,Scouting Drone,One,3,,,,,,3.00
c.3ri.wam,Ice Mining Rig,One,2,,,,,,2.00
c.3ri.wam,Solar Panel Array,One,2,,,,,,2.00
123drkhowlom,Inflatable Laboratory,Two,5,,1,,1,,504.00
123drkhowlom,Solar Panel Array,One,,,,,4,,1860.00
123drkhowlom,ZFT League of Martians,Community Patch,,,,,,,0.00
123drkhowlom,Female Engineer,Two,5,1,,,1,,476.50
123drkhowlom,3D Printing Robot,Two,3,3,,1,1,,631.50
123drkhowlom,Inflatable Greenhouse,Two,,,2,,2,,998.00
123drkhowlom,Rover,One,,,,,7,,3255.00
123drkhowlom,Cargo Rocketship,One,,,,,5,,2325.00
123drkhowlom,Ice Mining Rig,One,,,,,4,,1860.00
123drkhowlom,Female Scientist,Two,1,4,,,1,,492.00
123drkhowlom,Crew Rocketship,Two,,3,1,,1,,518.50
123drkhowlom,Scouting Drone,One,,,,,5,,2325.00
123drkhowlom,Fission Reactor,One,,,,1,3,,1539.00
123drkhowlom,Fuel Plant,One,,,,,3,,1395.00
123drkhowlom,Male Scientist,Two,2,2,,,2,,945.00
123drkhowlom,Male Engineer,Two,1,1,,1,1,,616.50
123drkhowlom,Inflatable Sleeping Pod,Two,,,,,1,,465.00
zji5g.wam,Female Engineer,Two,,,1,1,,,178.00
zji5g.wam,Inflatable Greenhouse,Two,,,,,1,,465.00
zji5g.wam,ZFT League of Martians,Community Patch,,,,,,,0.00
lqob2.wam,ZFT League of Martians,Community Patch,,,,,,,0.00
lqob2.wam,Fission Reactor,One,,,,,7,,3255.00
lqob2.wam,Female Scientist,Two,,,,1,,,144.00
lqob2.wam,3D Printing Robot,Two,,,,1,,,144.00
lqob2.wam,Male Engineer,Two,,,,1,,,144.00
lqob2.wam,Cargo Rocketship,One,1,,,,4,,1861.00
lqob2.wam,Inflatable Sleeping Pod,Two,,,,1,,,144.00
lqob2.wam,Male Scientist,Two,,,,1,,,144.00
lqob2.wam,Inflatable Laboratory,Two,,,,1,,,144.00
lqob2.wam,Crew Rocketship,Two,,,,1,,,144.00
lqob2.wam,Female Engineer,Two,,,,1,,,144.00
lqob2.wam,Fuel Plant,One,,,,,5,,2325.00
lqob2.wam,Rover,One,,,,,5,,2325.00
lqob2.wam,Ice Mining Rig,One,2,,,,6,,2792.00
lqob2.wam,Scouting Drone,One,,,,,7,,3255.00
lqob2.wam,Solar Panel Array,One,1,,,,7,,3256.00
iaese.wam,ZFT League of Martians,Community Patch,,,,,,,0.00
iaese.wam,Inflatable Sleeping Pod,Two,,1,,,,,6.50
xxuri.wam,Rover,One,,,,1,,,144.00
xxuri.wam,Ice Mining Rig,One,,,,1,,,144.00
xxuri.wam,Inflatable Greenhouse,Two,,,,1,,,144.00
xxuri.wam,ZFT League of Martians,Community Patch,,,,,,,0.00
vgnwq.wam,Inflatable Laboratory,Two,1,,,1,,,145.00
vgnwq.wam,ZFT League of Martians,Community Patch,,,,,,,0.00
vgnwq.wam,Cargo Rocketship,One,,,,,1,,465.00
vgnwq.wam,Scouting Drone,One,,,1,,,,34.00
vgnwq.wam,Fuel Plant,One,,,1,,,,34.00
vgnwq.wam,3D Printing Robot,Two,1,,,,,,1.00
vgnwq.wam,Female Engineer,Two,1,,,,,,1.00
vgnwq.wam,Female Scientist,Two,1,,,,,,1.00
vgnwq.wam,Crew Rocketship,Two,1,,,,,,1.00
vgnwq.wam,Inflatable Greenhouse,Two,1,,,,,,1.00
3f2xc.wam,Rover,One,,,,,1,,465.00
3f2xc.wam,Fission Reactor,One,,,,,1,,465.00
3f2xc.wam,Scouting Drone,One,,,,,1,,465.00
3f2xc.wam,Crew Rocketship,Two,,,,1,,,144.00
3f2xc.wam,ZFT League of Martians,Community Patch,,,,,,,0.00
pn2hc.wam,Fuel Plant,One,,,,,1,,465.00
pn2hc.wam,ZFT League of Martians,Community Patch,,,,,,,0.00
pn2hc.wam,Fission Reactor,One,,,,,1,,465.00
pn2hc.wam,Cargo Rocketship,One,,,,1,,,144.00
pn2hc.wam,Scouting Drone,One,,,,,1,,465.00
1ijfu.wam,Fuel Plant,One,,,,1,,,144.00
1ijfu.wam,ZFT League of Martians,Community Patch,,,,,,,0.00
2t5g2.wam,ZFT League of Martians,Community Patch,,,,,,,0.00
2t5g2.wam,Rover,One,,,,,1,,465.00
2t5g2.wam,Cargo Rocketship,One,1,,,,1,,466.00
2t5g2.wam,Fuel Plant,One,4,3,,,,,23.50
2t5g2.wam,Solar Panel Array,One,3,,,,,,3.00
2t5g2.wam,Fission Reactor,One,2,,,,,,2.00
2t5g2.wam,Scouting Drone,One,1,,,,1,,466.00
2t5g2.wam,Ice Mining Rig,One,1,1,1,1,1,,650.50
r53w2.wam,Scouting Drone,One,3,1,,,1,,474.50
r53w2.wam,Rover,One,2,1,1,1,2,,1116.50
r53w2.wam,Fission Reactor,One,4,1,,,1,,475.50
r53w2.wam,Cargo Rocketship,One,3,3,,,1,,487.50
r53w2.wam,Ice Mining Rig,One,2,3,2,1,1,,698.50
r53w2.wam,Fuel Plant,One,3,,,1,,,147.00
r53w2.wam,Solar Panel Array,One,2,1,,,,,8.50
r53w2.wam,Female Engineer,Two,,,,,1,,465.00
r53w2.wam,ZFT League of Martians,Community Patch,,,,,,,0.00
1i3xo.wam,Solar Panel Array,One,,,,,1,,465.00
1i3xo.wam,Scouting Drone,One,,,,,1,,465.00
1i3xo.wam,Crew Rocketship,Two,,,,,1,,465.00
1i3xo.wam,Female Engineer,Two,,,,,1,,465.00
1i3xo.wam,Male Scientist,Two,,,,,1,,465.00
1i3xo.wam,Rover,One,,,,,1,,465.00
1i3xo.wam,Ice Mining Rig,One,,,,,2,,930.00
1i3xo.wam,Fission Reactor,One,,,,,1,,465.00
1i3xo.wam,Cargo Rocketship,One,,,,,1,,465.00
1i3xo.wam,Fuel Plant,One,,,,,1,,465.00
1i3xo.wam,Inflatable Laboratory,Two,,,,,1,,465.00
1i3xo.wam,ZFT League of Martians,Community Patch,,,,,,,0.00
jefwk.wam,Fission Reactor,One,,,,,1,,465.00
jefwk.wam,Cargo Rocketship,One,,,,,1,,465.00
jefwk.wam,Crew Rocketship,Two,,,,,1,,465.00
jefwk.wam,3D Printing Robot,Two,,,,,1,,465.00
jefwk.wam,Inflatable Greenhouse,Two,,,,,1,,465.00
jefwk.wam,Rover,One,,,,,1,,465.00
jefwk.wam,Solar Panel Array,One,,,,,1,,465.00
jefwk.wam,Scouting Drone,One,,,,,1,,465.00
jefwk.wam,Fuel Plant,One,,,,,1,,465.00
jefwk.wam,Female Engineer,Two,,,,,1,,465.00
jefwk.wam,Female Scientist,Two,,,,,1,,465.00
jefwk.wam,ZFT League of Martians,Community Patch,,,,,,,0.00
jefwk.wam,Ice Mining Rig,One,,,,,1,,465.00
jefwk.wam,Inflatable Laboratory,Two,,,,,1,,465.00
ikzxi.wam,Scouting Drone,One,,,,1,,,144.00
ikzxi.wam,Fuel Plant,One,,,,1,,,144.00
ikzxi.wam,Inflatable Laboratory,Two,,,,1,,,144.00
ikzxi.wam,Inflatable Greenhouse,Two,,,,,1,,465.00
ikzxi.wam,ZFT League of Martians,Community Patch,,,,,,,0.00
caahq.wam,Ice Mining Rig,One,,,,,1,,465.00
caahq.wam,Fuel Plant,One,,,,1,1,,609.00
caahq.wam,Solar Panel Array,One,3,1,,2,1,,762.50
caahq.wam,Rover,One,,,,,2,,930.00
caahq.wam,Cargo Rocketship,One,,,,2,2,,1218.00
caahq.wam,Fission Reactor,One,1,,,1,1,,610.00
caahq.wam,ZFT League of Martians,Community Patch,,,,,,,0.00
caahq.wam,Scouting Drone,One,,,,,1,,465.00
ggahw.wam,Rover,One,1,3,2,,2,,1018.50
ggahw.wam,ZFT League of Martians,Community Patch,,,,,,,0.00
ggahw.wam,Fuel Plant,One,4,5,1,2,,,358.50
ggahw.wam,Cargo Rocketship,One,2,4,2,1,1,,705.00
ggahw.wam,Scouting Drone,One,1,2,4,2,,,438.00
ggahw.wam,Ice Mining Rig,One,2,3,4,1,,,301.50
ggahw.wam,Fission Reactor,One,1,4,2,1,,,239.00
ggahw.wam,Solar Panel Array,One,3,1,4,2,,,433.50
r5yxs.wam,Male Scientist,Two,,,,,1,,465.00
r5yxs.wam,Fuel Plant,One,,,,,1,,465.00
bmvbc.wam,Inflatable Greenhouse,Two,,1,1,,,,40.50
bmvbc.wam,Inflatable Sleeping Pod,Two,1,1,,,,,7.50
bmvbc.wam,Fission Reactor,One,1,,,,,,1.00
bmvbc.wam,Solar Panel Array,One,1,,,,,,1.00
bmvbc.wam,Crew Rocketship,Two,1,,1,,,,35.00
bmvbc.wam,Male Engineer,Two,,,1,1,,,178.00
bmvbc.wam,Female Engineer,Two,,,1,,,,34.00
bmvbc.wam,Inflatable Laboratory,Two,,,1,,,,34.00
bmvbc.wam,Ice Mining Rig,One,,,,,1,,465.00
bmvbc.wam,Fuel Plant,One,,,,1,,,144.00
bmvbc.wam,3D Printing Robot,Two,1,,,,,,1.00
bmvbc.wam,Male Scientist,Two,,,1,,,,34.00
bmvbc.wam,Female Scientist,Two,,,,1,,,144.00
yw3gy.wam,Cargo Rocketship,One,,,,,1,,465.00
yw3gy.wam,Solar Panel Array,One,,,,,1,,465.00
yw3gy.wam,Scouting Drone,One,,,,,1,,465.00
yw3gy.wam,Fuel Plant,One,,,,,1,,465.00
yw3gy.wam,Inflatable Greenhouse,Two,,,,,1,,465.00
55hxs.wam,Cargo Rocketship,One,1,,,,,,1.00
55hxs.wam,Fuel Plant,One,1,,,,,,1.00
55hxs.wam,Inflatable Laboratory,Two,,,,,1,,465.00
55hxs.wam,Scouting Drone,One,1,,,,,,1.00
55hxs.wam,Ice Mining Rig,One,1,,,,1,,466.00
55hxs.wam,Crew Rocketship,Two,,,,,1,,465.00
55hxs.wam,Female Engineer,Two,,,,,1,,465.00
55hxs.wam,Rover,One,1,,,,1,,466.00
55hxs.wam,Fission Reactor,One,1,,,,,,1.00
55hxs.wam,Solar Panel Array,One,1,,,,,,1.00
lw.w4.wam,Cargo Rocketship,One,,,,2,,,288.00
lw.w4.wam,Rover,One,,,,2,1,,753.00
lw.w4.wam,Crew Rocketship,Two,,,,,1,,465.00
lw.w4.wam,Female Scientist,Two,,,1,1,,,178.00
lw.w4.wam,Inflatable Greenhouse,Two,,,,1,2,,1074.00
lw.w4.wam,Scouting Drone,One,,,,1,,,144.00
lw.w4.wam,3D Printing Robot,Two,,,,1,,,144.00
lw.w4.wam,Male Engineer,Two,,,,1,,,144.00
lw.w4.wam,Male Scientist,Two,,,1,1,,,178.00
lw.w4.wam,Inflatable Laboratory,Two,,,,1,,,144.00
lw.w4.wam,Solar Panel Array,One,,,1,,1,,499.00
hs2c.wam,Female Engineer,Two,5,3,,,1,,489.50
hs2c.wam,Scouting Drone,One,8,,,1,,,152.00
hs2c.wam,Fuel Plant,One,8,1,,,,,14.50
hs2c.wam,Cargo Rocketship,One,4,3,,,1,,488.50
hs2c.wam,Ice Mining Rig,One,5,3,1,,,,58.50
hs2c.wam,3D Printing Robot,Two,,4,,1,,,170.00
hs2c.wam,Inflatable Laboratory,Two,1,4,,,1,,492.00
hs2c.wam,Female Scientist,Two,,4,,1,,,170.00
hs2c.wam,Inflatable Greenhouse,Two,1,2,,,,,14.00
hs2c.wam,Male Engineer,Two,,,1,,,,34.00
hs2c.wam,Fission Reactor,One,10,4,3,1,,,282.00
hs2c.wam,Rover,One,5,3,1,,,,58.50
hs2c.wam,Male Scientist,Two,2,1,,,,,8.50
hs2c.wam,Crew Rocketship,Two,1,1,,,1,,472.50
hs2c.wam,Solar Panel Array,One,8,1,,,1,,479.50
hs2c.wam,Inflatable Sleeping Pod,Two,4,,3,1,,,250.00
4ycw4.wam,Inflatable Greenhouse,Two,,,2,,2,,998.00
4ycw4.wam,Fission Reactor,One,,,2,,2,,998.00
4ycw4.wam,Solar Panel Array,One,,,2,,2,,998.00
4ycw4.wam,Ice Mining Rig,One,,,2,,2,,998.00
4ycw4.wam,Female Engineer,Two,,,2,,2,,998.00
tzaxu.wam,Ice Mining Rig,One,,,,,1,,465.00
tzaxu.wam,Rover,One,3,1,1,,,,43.50
tzaxu.wam,Scouting Drone,One,,2,,,1,,478.00
tzaxu.wam,Female Scientist,Two,,1,2,,,,74.50
tzaxu.wam,Inflatable Laboratory,Two,1,,,,,,1.00
tzaxu.wam,3D Printing Robot,Two,,1,1,,,,40.50
tzaxu.wam,Cargo Rocketship,One,3,1,,,2,,939.50
tzaxu.wam,Male Scientist,Two,,,2,,,,68.00
tzaxu.wam,Inflatable Greenhouse,Two,1,,,,,,1.00
tzaxu.wam,Fuel Plant,One,,1,,,1,,471.50
tzaxu.wam,Solar Panel Array,One,,3,,,,,19.50
tzaxu.wam,Fission Reactor,One,2,2,1,1,,,193.00
tzaxu.wam,Inflatable Sleeping Pod,Two,1,2,1,,,,48.00
tzaxu.wam,Female Engineer,Two,,1,,,1,,471.50
tzaxu.wam,Male Engineer,Two,,,2,,,,68.00
45dxc.wam,Scouting Drone,One,,,,,1,,465.00
45dxc.wam,Fuel Plant,One,,,,,1,,465.00
zngws.wam,Solar Panel Array,One,,,,2,1,,753.00
zngws.wam,3D Printing Robot,Two,,1,1,,,,40.50
zngws.wam,Male Scientist,Two,1,,1,,,,35.00
zngws.wam,Scouting Drone,One,,,1,,,,34.00
zngws.wam,Inflatable Laboratory,Two,,,1,,,,34.00
zngws.wam,Rover,One,,,,1,,,144.00
zngws.wam,Cargo Rocketship,One,,,,1,,,144.00
zngws.wam,Ice Mining Rig,One,,,,,1,,465.00
zngws.wam,Male Engineer,Two,,2,2,,,,81.00
zngws.wam,Female Engineer,Two,1,2,,,,,14.00
zngws.wam,Inflatable Sleeping Pod,Two,1,2,,,,,14.00
zngws.wam,Crew Rocketship,Two,1,,1,,,,35.00
hwtws.wam,Cargo Rocketship,One,2,2,,,1,,480.00
hwtws.wam,Fission Reactor,One,1,2,,,,,14.00
hwtws.wam,Ice Mining Rig,One,1,1,,,,,7.50
hwtws.wam,Fuel Plant,One,1,,,,,,1.00
hwtws.wam,3D Printing Robot,Two,,,,1,,,144.00
hwtws.wam,Rover,One,1,1,1,,,,41.50
hwtws.wam,Female Engineer,Two,,,,1,,,144.00
hwtws.wam,Solar Panel Array,One,,,,1,,,144.00
hwtws.wam,Scouting Drone,One,1,1,,,,,7.50
fbdb4.wam,Female Scientist,Two,,2,2,,1,,546.00
fbdb4.wam,Male Engineer,Two,,1,,,,,6.50
fbdb4.wam,Cargo Rocketship,One,,1,1,,,,40.50
fbdb4.wam,Fission Reactor,One,2,2,1,,,,49.00
fbdb4.wam,Ice Mining Rig,One,,,2,,1,,533.00
fbdb4.wam,Solar Panel Array,One,2,,,,1,,467.00
fbdb4.wam,Crew Rocketship,Two,,,1,,,,34.00
fbdb4.wam,Male Scientist,Two,,,1,,,,34.00
fbdb4.wam,Inflatable Laboratory,Two,,,3,1,,,246.00
fbdb4.wam,Scouting Drone,One,2,2,,1,,,159.00
fbdb4.wam,Inflatable Sleeping Pod,Two,1,,2,1,,,213.00
fbdb4.wam,Female Engineer,Two,2,,1,,,,36.00
fbdb4.wam,3D Printing Robot,Two,,1,1,,,,40.50
fbdb4.wam,Rover,One,,,1,,1,,499.00
fbdb4.wam,Fuel Plant,One,,1,,,1,,471.50
svlgs.wam,Inflatable Greenhouse,Two,,2,,,,,13.00
svlgs.wam,Female Scientist,Two,,1,1,,,,40.50
svlgs.wam,Fission Reactor,One,1,1,,,,,7.50
svlgs.wam,Ice Mining Rig,One,3,1,,,,,9.50
svlgs.wam,Crew Rocketship,Two,1,2,2,,,,82.00
svlgs.wam,Inflatable Laboratory,Two,2,,1,,,,36.00
svlgs.wam,Inflatable Sleeping Pod,Two,,2,,,,,13.00
svlgs.wam,Cargo Rocketship,One,1,1,,,1,,472.50
svlgs.wam,3D Printing Robot,Two,,,1,,,,34.00
svlgs.wam,Male Engineer,Two,1,,,,,,1.00
svlgs.wam,Fuel Plant,One,4,,,1,,,148.00
svlgs.wam,Rover,One,3,,,,,,3.00
svlgs.wam,Solar Panel Array,One,3,,,1,1,,612.00
svlgs.wam,Male Scientist,Two,,1,2,,,,74.50
svlgs.wam,Scouting Drone,One,1,2,,,,,14.00
svlgs.wam,Female Engineer,Two,,,2,,,,68.00
gkghc.wam,Female Scientist,Two,,1,1,,,,40.50
gkghc.wam,Inflatable Greenhouse,Two,,,1,,,,34.00
gkghc.wam,Fission Reactor,One,3,1,1,,,,43.50
gkghc.wam,Male Scientist,Two,1,,1,,,,35.00
gkghc.wam,Male Engineer,Two,,,,,1,,465.00
gkghc.wam,Inflatable Sleeping Pod,Two,,2,1,1,,,191.00
gkghc.wam,Rover,One,2,1,,,,,8.50
gkghc.wam,Crew Rocketship,Two,,2,1,,,,47.00
gkghc.wam,Scouting Drone,One,1,1,2,,,,75.50
gkghc.wam,Ice Mining Rig,One,1,,,,1,,466.00
gkghc.wam,Inflatable Laboratory,Two,,2,1,,,,47.00
gkghc.wam,Cargo Rocketship,One,2,1,1,,,,42.50
gkghc.wam,3D Printing Robot,Two,,2,2,,,,81.00
gkghc.wam,Female Engineer,Two,,,,1,1,,609.00
gkghc.wam,Solar Panel Array,One,3,5,1,,,,69.50
gkghc.wam,Fuel Plant,One,4,,,,1,,469.00
jzdw.wam,Solar Panel Array,One,3,,,,,,3.00
jzdw.wam,Male Engineer,Two,2,,,,,,2.00
jzdw.wam,Female Engineer,Two,,1,,,,,6.50
jzdw.wam,Cargo Rocketship,One,1,,,,1,,466.00
jzdw.wam,Male Scientist,Two,,1,,,,,6.50
jzdw.wam,Ice Mining Rig,One,4,4,1,,,,64.00
jzdw.wam,Fission Reactor,One,1,4,,1,1,,636.00
jzdw.wam,Female Scientist,Two,3,,,,,,3.00
jzdw.wam,Scouting Drone,One,2,,,,,,2.00
jzdw.wam,Fuel Plant,One,6,2,,1,,,163.00
jzdw.wam,Rover,One,2,3,1,1,1,,664.50
kfhgs.wam,Fission Reactor,One,2,2,2,,,,83.00
kfhgs.wam,3D Printing Robot,Two,1,,,,,,1.00
kfhgs.wam,Inflatable Greenhouse,Two,,1,,,,,6.50
kfhgs.wam,Cargo Rocketship,One,1,5,,1,,,177.50
kfhgs.wam,Rover,One,3,1,,1,,,153.50
kfhgs.wam,Scouting Drone,One,3,1,,,,,9.50
kfhgs.wam,Female Scientist,Two,,1,,,,,6.50
kfhgs.wam,Ice Mining Rig,One,6,1,,1,,,156.50
kfhgs.wam,Solar Panel Array,One,2,1,1,1,1,,651.50
kfhgs.wam,Fuel Plant,One,2,,,1,,,146.00
wvxb4.wam,Inflatable Laboratory,Two,2,,1,,,,36.00
wvxb4.wam,Rover,One,,1,1,1,,,184.50
wvxb4.wam,Fission Reactor,One,,,,1,,,144.00
wvxb4.wam,Solar Panel Array,One,,,,1,1,,609.00
wvxb4.wam,Ice Mining Rig,One,,,,1,,,144.00
wvxb4.wam,Male Scientist,Two,,4,1,,,,60.00
wvxb4.wam,3D Printing Robot,Two,3,2,2,1,,,228.00
wvxb4.wam,Inflatable Greenhouse,Two,,,1,,,,34.00
wvxb4.wam,Male Engineer,Two,,,2,,,,68.00
wvxb4.wam,Female Scientist,Two,,1,1,,,,40.50
wvxb4.wam,Cargo Rocketship,One,,,,1,,,144.00
wvxb4.wam,Scouting Drone,One,,,,1,,,144.00
wvxb4.wam,Fuel Plant,One,,1,1,,,,40.50
wvxb4.wam,Inflatable Sleeping Pod,Two,3,,1,,,,37.00
wvxb4.wam,Crew Rocketship,Two,,3,3,,,,121.50
wvxb4.wam,Female Engineer,Two,2,2,,,,,15.00
rwehc.wam,Fuel Plant,One,,,,,1,,465.00
rwehc.wam,Rover,One,,,,,1,,465.00
rwehc.wam,Fission Reactor,One,,,,,1,,465.00
rwehc.wam,Cargo Rocketship,One,,,,,1,,465.00
rwehc.wam,Scouting Drone,One,,,,,1,,465.00
annwi.wam,Scouting Drone,One,,,,,2,,930.00
annwi.wam,Cargo Rocketship,One,,,,,1,,465.00
annwi.wam,Solar Panel Array,One,,,,,1,,465.00
annwi.wam,3D Printing Robot,Two,,,,,1,,465.00
annwi.wam,Male Engineer,Two,,,,,1,,465.00
annwi.wam,Male Scientist,Two,,,,,1,,465.00
annwi.wam,Fission Reactor,One,,,,,1,,465.00
annwi.wam,Ice Mining Rig,One,,,,,3,,1395.00
annwi.wam,Inflatable Laboratory,Two,,,,,1,,465.00
annwi.wam,Inflatable Sleeping Pod,Two,,,,,1,,465.00
annwi.wam,Rover,One,,,,,1,,465.00
annwi.wam,Fuel Plant,One,,,,,1,,465.00
1kowdaccount,Fuel Plant,One,4,,,,,,4.00
1kowdaccount,Solar Panel Array,One,3,,,,,,3.00
1kowdaccount,Rover,One,3,1,,,,,9.50
1kowdaccount,Cargo Rocketship,One,2,2,,,,,15.00
1kowdaccount,Fission Reactor,One,2,,,,1,,467.00
1kowdaccount,Ice Mining Rig,One,2,1,,,,,8.50
pynxc.wam,Fuel Plant,One,,,,,1,,465.00
pynxc.wam,Rover,One,2,,,,,,2.00
pynxc.wam,Ice Mining Rig,One,,,,,1,,465.00
k1ihu.wam,Scouting Drone,One,5,3,2,1,1,,701.50
k1ihu.wam,Cargo Rocketship,One,4,3,3,,,,125.50
k1ihu.wam,Ice Mining Rig,One,4,3,2,1,,,235.50
k1ihu.wam,Rover,One,3,1,2,1,1,,686.50
k1ihu.wam,Fission Reactor,One,3,3,1,,1,,521.50
k1ihu.wam,Solar Panel Array,One,3,3,1,,,,56.50
k1ihu.wam,Fuel Plant,One,3,2,1,,,,50.00
o1fsi.wam,Male Engineer,Two,2,,,1,,,146.00
o1fsi.wam,Male Scientist,Two,3,3,1,,,,56.50
o1fsi.wam,Ice Mining Rig,One,1,,1,1,1,,644.00
o1fsi.wam,Inflatable Greenhouse,Two,,,,1,,,144.00
o1fsi.wam,Solar Panel Array,One,1,1,,,1,,472.50
o1fsi.wam,Fuel Plant,One,,2,,,1,,478.00
o1fsi.wam,Female Engineer,Two,3,,,2,,,291.00
o1fsi.wam,Inflatable Laboratory,Two,2,,1,1,,,180.00
o1fsi.wam,Rover,One,,1,1,,1,,505.50
o1fsi.wam,Scouting Drone,One,1,1,,1,1,,616.50
o1fsi.wam,Inflatable Sleeping Pod,Two,2,2,3,,,,117.00
o1fsi.wam,Crew Rocketship,Two,2,,,1,,,146.00
o1fsi.wam,Cargo Rocketship,One,,,2,,1,,533.00
o1fsi.wam,Female Scientist,Two,1,1,1,,1,,506.50
o1fsi.wam,Fission Reactor,One,1,,,,1,,466.00
o1fsi.wam,3D Printing Robot,Two,3,,1,2,,,325.00
dk5w4.wam,Solar Panel Array,One,5,2,2,1,,,230.00
dk5w4.wam,Fission Reactor,One,5,3,2,,,,92.50
dk5w4.wam,Rover,One,4,,,,1,,469.00
dk5w4.wam,Scouting Drone,One,4,3,1,,1,,522.50
dk5w4.wam,Fuel Plant,One,4,3,2,,,,91.50
dk5w4.wam,Cargo Rocketship,One,2,2,1,2,,,337.00
dk5w4.wam,Ice Mining Rig,One,6,2,,,1,,484.00
o.1gu.wam,Male Engineer,Two,1,1,,,,,7.50
o.1gu.wam,Female Engineer,Two,1,1,,,,,7.50
o.1gu.wam,Male Scientist,Two,,,1,,,,34.00
o.1gu.wam,Inflatable Sleeping Pod,Two,,1,,,,,6.50
o.1gu.wam,Rover,One,1,1,1,,,,41.50
o.1gu.wam,Cargo Rocketship,One,1,2,,,,,14.00
o.1gu.wam,Inflatable Laboratory,Two,,1,,,,,6.50
o.1gu.wam,Fission Reactor,One,1,,1,,,,35.00
o.1gu.wam,Scouting Drone,One,1,1,,1,,,151.50
o.1gu.wam,Female Scientist,Two,1,1,,,,,7.50
o.1gu.wam,Inflatable Greenhouse,Two,1,1,,,,,7.50
o.1gu.wam,Fuel Plant,One,4,1,,,1,,475.50
o.1gu.wam,Crew Rocketship,Two,1,1,,,,,7.50
o.1gu.wam,Solar Panel Array,One,2,,,1,,,146.00
xl.xc.wam,Rover,One,,,,,1,,465.00
xl.xc.wam,Fuel Plant,One,,,,,1,,465.00
uwkfg.wam,Crew Rocketship,Two,,1,1,,,,40.50
uwkfg.wam,3D Printing Robot,Two,,,1,,,,34.00
uwkfg.wam,Inflatable Sleeping Pod,Two,1,,,,,,1.00
uwkfg.wam,Rover,One,1,,,,,,1.00
uwkfg.wam,Fission Reactor,One,3,,,,,,3.00
uwkfg.wam,Male Engineer,Two,1,2,1,1,,,192.00
uwkfg.wam,Inflatable Laboratory,Two,1,,,,,,1.00
uwkfg.wam,Male Scientist,Two,1,2,1,1,,,192.00
uwkfg.wam,Female Engineer,Two,1,,,,,,1.00
uwkfg.wam,Ice Mining Rig,One,,1,,,,,6.50
uwkfg.wam,Cargo Rocketship,One,4,,,,1,,469.00
uwkfg.wam,Inflatable Greenhouse,Two,,1,3,,,,108.50
uwkfg.wam,Fuel Plant,One,3,2,,,,,16.00
uwkfg.wam,Scouting Drone,One,2,1,,,1,,473.50
uwkfg.wam,Female Scientist,Two,,,1,,,,34.00
uwkfg.wam,Solar Panel Array,One,1,1,1,,,,41.50
4h2hu.wam,Fission Reactor,One,,,,,1,,465.00
dfkvm.wam,Ice Mining Rig,One,,,,1,,,144.00
dfkvm.wam,Fuel Plant,One,,,,1,,,144.00
dfkvm.wam,Male Scientist,Two,,,,1,,,144.00
dfkvm.wam,Rover,One,,,,1,,,144.00
dfkvm.wam,Cargo Rocketship,One,,,,1,,,144.00
vyux4.wam,Cargo Rocketship,One,,,,1,,,144.00
vyux4.wam,Solar Panel Array,One,,,,1,,,144.00
vyux4.wam,Scouting Drone,One,,,,1,,,144.00
vyux4.wam,Ice Mining Rig,One,,,,,1,,465.00
vyux4.wam,3D Printing Robot,Two,,,,1,,,144.00
vyux4.wam,Male Scientist,Two,,,,1,,,144.00
vyux4.wam,Female Scientist,Two,,,,1,,,144.00
vyux4.wam,Fission Reactor,One,,,,1,,,144.00
vyux4.wam,Inflatable Greenhouse,Two,,,,1,,,144.00
vyux4.wam,Fuel Plant,One,,,,1,,,144.00
vyux4.wam,Inflatable Laboratory,Two,,,,,1,,465.00
vyux4.wam,Inflatable Sleeping Pod,Two,,,,1,,,144.00
vyux4.wam,Rover,One,,,,1,,,144.00
az2xc.wam,Fission Reactor,One,,,,,1,,465.00
az2xc.wam,Fuel Plant,One,,,,,1,,465.00
aenxc.wam,Scouting Drone,One,,1,,,,,6.50
aenxc.wam,Fuel Plant,One,,,,,1,,465.00
aenxc.wam,Fission Reactor,One,,1,,,,,6.50
aenxc.wam,Cargo Rocketship,One,,1,1,,,,40.50
aenxc.wam,Solar Panel Array,One,,1,,,,,6.50
m.mxy.wam,Fission Reactor,One,3,3,1,1,,,200.50
m.mxy.wam,Ice Mining Rig,One,3,,2,,,,71.00
m.mxy.wam,Cargo Rocketship,One,3,3,1,,1,,521.50
m.mxy.wam,Solar Panel Array,One,1,2,1,2,,,336.00
m.mxy.wam,Inflatable Greenhouse,Two,,,,1,,,144.00
m.mxy.wam,Scouting Drone,One,1,,1,,,,35.00
m.mxy.wam,Fuel Plant,One,2,3,1,1,,,199.50
m.mxy.wam,Rover,One,1,1,3,,,,109.50
3jmre.wam,Rover,One,4,2,,,,,17.00
3jmre.wam,Fuel Plant,One,1,,,,,,1.00
3jmre.wam,Inflatable Laboratory,Two,,,,,1,,465.00
3jmre.wam,Female Scientist,Two,,1,1,,,,40.50
3jmre.wam,Scouting Drone,One,,1,1,,,,40.50
3jmre.wam,Solar Panel Array,One,2,1,,,,,8.50
3jmre.wam,3D Printing Robot,Two,1,,2,,1,,534.00
3jmre.wam,Inflatable Greenhouse,Two,,2,,,1,,478.00
3jmre.wam,Male Scientist,Two,1,1,1,,,,41.50
3jmre.wam,Inflatable Sleeping Pod,Two,,,1,,,,34.00
3jmre.wam,Female Engineer,Two,,2,1,,,,47.00
3jmre.wam,Male Engineer,Two,1,2,,,,,14.00
3jmre.wam,Ice Mining Rig,One,1,,1,1,,,179.00
3jmre.wam,Crew Rocketship,Two,1,1,1,,,,41.50
3jmre.wam,Fission Reactor,One,,3,,,1,,484.50
3jmre.wam,Cargo Rocketship,One,1,1,,,,,7.50
fytxy.wam,Scouting Drone,One,,,,,1,,465.00
fytxy.wam,Fuel Plant,One,,,,,1,,465.00
fytxy.wam,Inflatable Greenhouse,Two,,,,,1,,465.00
chabibooozft,Rover,One,,,,,1,,465.00
chabibooozft,Cargo Rocketship,One,,,,,1,,465.00
chabibooozft,Male Engineer,Two,,,,,2,,930.00
chabibooozft,Scouting Drone,One,,,,,1,,465.00
chabibooozft,Ice Mining Rig,One,,,,,1,,465.00
chabibooozft,Male Scientist,Two,,,,,1,,465.00
chabibooozft,Inflatable Laboratory,Two,,,,,1,,465.00
chabibooozft,Fuel Plant,One,,,,,2,,930.00
chabibooozft,Crew Rocketship,Two,,,,,1,,465.00
chabibooozft,Fission Reactor,One,,,,,1,,465.00
jlstriker333,Female Engineer,Two,,,1,,,,34.00
jlstriker333,Rover,One,,,,1,2,,1074.00
jlstriker333,Fuel Plant,One,,1,,1,,,150.50
jlstriker333,3D Printing Robot,Two,,,,1,1,,609.00
jlstriker333,Inflatable Greenhouse,Two,,,1,1,1,,643.00
jlstriker333,Inflatable Sleeping Pod,Two,,,,1,1,,609.00
jlstriker333,Cargo Rocketship,One,,1,,,4,,1866.50
jlstriker333,Solar Panel Array,One,,,,1,2,,1074.00
jlstriker333,Male Engineer,Two,,,1,1,,,178.00
jlstriker333,Ice Mining Rig,One,1,1,1,,1,,506.50
jlstriker333,Inflatable Laboratory,Two,,,,1,,,144.00
jlstriker333,Male Scientist,Two,,1,,,1,,471.50
jlstriker333,Female Scientist,Two,,,,1,,,144.00
jlstriker333,Scouting Drone,One,,,,1,3,,1539.00
jlstriker333,Fission Reactor,One,,,1,,2,,964.00
jlstriker333,Crew Rocketship,Two,,,1,,,,34.00
fanaliscrypt,Solar Panel Array,One,3,4,,1,,,173.00
fanaliscrypt,Fission Reactor,One,4,2,1,1,,,195.00
fanaliscrypt,Cargo Rocketship,One,,3,,,1,,484.50
fanaliscrypt,Ice Mining Rig,One,2,3,2,2,1,,842.50
fanaliscrypt,Rover,One,2,3,1,,,,55.50
fanaliscrypt,Scouting Drone,One,2,1,,,1,,473.50
fanaliscrypt,Inflatable Greenhouse,Two,,,,,1,,465.00
fanaliscrypt,Fuel Plant,One,5,2,1,,1,,517.00
lommavericks,Crew Rocketship,Two,,,,,1,,465.00
lommavericks,Male Scientist,Two,,,,,1,,465.00
lommavericks,Inflatable Laboratory,Two,,,,,1,,465.00
lommavericks,Scouting Drone,One,,,,,1,,465.00
lommavericks,Fuel Plant,One,,,,,1,,465.00
lommavericks,Male Engineer,Two,,,,,1,,465.00
lommavericks,Rover,One,,,,,1,,465.00
lommavericks,Inflatable Sleeping Pod,Two,,,,,1,,465.00
lommavericks,Cargo Rocketship,One,,,,4,3,,1971.00
lommavericks,Solar Panel Array,One,,,,,1,,465.00
lommavericks,Inflatable Greenhouse,Two,,,,,1,,465.00
lommavericks,Fission Reactor,One,,,,,1,,465.00
lommavericks,Ice Mining Rig,One,,,,,1,,465.00
lommavericks,3D Printing Robot,Two,,,,,1,,465.00
lommavericks,Female Engineer,Two,,,,,1,,465.00
lommavericks,Female Scientist,Two,,,,,1,,465.00
bnhxe.wam,Scouting Drone,One,,,,,1,,465.00
bnhxe.wam,Fuel Plant,One,,,,1,,,144.00
bnhxe.wam,Fission Reactor,One,,,,1,,,144.00
bnhxe.wam,Cargo Rocketship,One,,,,1,,,144.00
